2.32946
2.40223
2.30447
2.25774
2.32225
2.27877
2.33106
2.33615
2.525
2.45278
2.32919
2.43545
2.35573
2.24135
2.58325
2.60845
2.68947
2.54804
2.63727
2.52441
2.50247
2.57493
2.50837
2.5645
2.5304
2.54536
2.4524
2.68068
2.54725
2.6371
2.62552
2.58478
2.66341
2.54104
2.50552
2.64843
2.59943
2.50882
2.66166
2.50718
2.64088
2.61718
2.56287
2.5862
2.70115
2.55085
2.48869
2.7221
2.6337
2.66466
2.70178
2.63218
2.62941
2.64993
2.56102
2.63435
2.70058
2.51135
2.54737
2.56195
2.50857
2.66671
2.52719
2.63071
2.59985
2.53722
2.6147
2.68893
2.56255
2.61005
2.67946
2.5505
2.63903
2.61572
2.51533
2.69795
2.70855
2.50895
2.64498
2.59566
2.50281
2.70524
2.54775
2.62058
2.53752
2.50413
2.42043
2.48197
2.51435
2.68953
2.73053
2.49194
2.68963
2.5545
2.50668
2.70155
2.5994
2.56408
2.60161
2.40819
2.46537
2.65731
2.55708
2.63522
2.65035
2.56224
2.63849
2.70631
2.57973
2.68005
2.60351
2.47105
2.69332
2.58256
2.51293
2.6587
2.52457
2.63406
2.61971
2.54982
2.5926
2.6915
2.56099
2.50881
2.70453
2.5488
2.61632
2.65347
2.56848
2.68613
2.72772
2.57845
2.6913
2.72438
2.58912
2.68625
2.72838
2.58597
2.66889
2.66284
2.5263
2.65646
2.53985
2.51252
2.69626
2.52801
2.50763
2.63067
2.53209
2.66133
2.69399
2.55695
2.59631
2.68392
2.56551
2.47313
2.61397
2.49038
2.71435
2.54726
2.50888
2.56742
2.47057
2.66305
2.6591
2.51979
2.66744
2.70931
2.53387
2.57944
2.72485
2.78077
2.66583
2.68419
2.58401
2.61271
-996.369
2.50081
2.50827
2.5689
2.52549
2.68704
2.59478
2.5028
2.66165
2.51907
2.64222
2.58965
2.60445
2.57268
2.71863
2.53192
2.6101
2.68469
2.62556
2.59629
2.69543
2.54815
2.50863
2.58041
2.51353
2.68068
2.60718
2.50915
2.65301
2.53847
2.48539
2.26118
2.20014
2.23009
2.22802
2.23944
2.19934
2.18275
2.22909
2.23325
2.24604
2.20256
2.22262
2.15135
2.15182
2.1581
2.18333
2.10292
2.09178
2.22382
2.0805
2.07517
2.07539
2.17197
2.06732
2.04992
2.05882
2.05653
2.04917
2.05827
2.09177
2.08308
2.07437
2.07743
2.07434
2.08064
2.10227
2.0646
2.06491
2.05416
2.04845
2.04617
2.06139
2.05027
2.19894
2.07685
2.08139
2.07626
2.07562
2.0813
2.08877
2.06747
2.04075
2.07584
2.04932
2.04868
2.15412
2.08064
2.0764
2.07561
2.08208
2.07543
2.08274
2.07547
2.11152
2.04418
2.05543
2.05262
2.04104
2.05068
2.17633
2.08981
2.13764
2.08854
2.06316
2.08377
2.08025
2.04707
2.04616
2.02999
2.04921
2.03666
2.03675
2.05212
2.15777
2.07587
2.07694
2.08107
2.07612
2.08178
2.07571
2.09422
2.04895
2.04591
2.04168
2.05528
2.04584
2.11687
2.08279
2.07591
2.08251
2.07532
2.08273
2.0694
2.09085
2.07304
2.05061
2.0492
2.0492
2.05754
2.06701
2.08502
2.09131
2.07665
2.07488
2.07549
2.07728
2.08055
2.08337
2.07195
2.07337
2.04974
2.04391
2.03967
2.03891
2.04772
2.08813
2.0771
2.07735
2.07512
2.081
2.07667
2.09544
2.05774
2.09026
2.06487
2.05523
2.05177
2.04654
2.05253
2.17489
2.07554
2.07586
2.07729
2.08083
2.082
2.07778
2.10728
2.03989
2.06024
2.06165
2.04481
2.08186
2.13382
2.07702
2.08061
2.08277
2.06917
2.0829
2.08437
2.08304
2.0498
2.05504
2.04465
2.03241
2.04431
2.04227
2.09483
2.07624
2.07556
2.07618
2.07601
2.08162
2.07566
2.09533
2.06387
2.04632
2.05066
2.05016
2.04426
2.04841
2.09067
2.12399
2.07694
2.15123
2.0885
2.07496
2.08875
2.06422
2.04294
2.046
2.03097
2.03869
2.04953
2.04473
2.20203
2.07556
2.07606
2.07567
2.08819
2.07031
2.09461
2.06279
2.04717
2.05387
2.03432
2.05233
2.05126
2.07429
2.14275
2.08849
2.0688
2.08268
2.07514
2.07683
2.08127
2.06547
2.04562
2.05366
2.0602
2.12509
2.09374
2.08188
2.07579
2.08277
2.06906
2.08216
2.07622
2.07088
2.087
2.05005
2.04636
2.04833
2.03761
2.04716
2.03951
2.10419
2.08163
2.0758
2.08281
2.07662
2.07504
2.08147
2.07606
2.08415
2.07127
2.05188
2.05067
2.04953
2.14234
2.08211
2.07572
2.0766
2.08121
2.07576
2.08198
2.06968
2.09891
2.05025
2.0523
2.05378
2.04904
2.05764
2.17614
2.07636
2.08114
2.08287
2.07504
2.07793
2.08027
2.08895
2.14587
2.14669
2.32877
2.23909
2.16017
2.17498
2.18943
2.23647
2.24566
2.19018
2.15952
2.25365
2.23161
2.23458
2.19643
2.19558
2.2172
2.2233
2.24327
2.14195
2.18138
2.29264
2.22774
2.18517
2.21446
2.21865
2.2226
2.23861
2.23974
2.30044
2.23272
2.27286
2.24029
2.31418
2.25314
2.25405
2.26619
2.33293
2.3879
2.3336
2.45525
2.44089
2.55971
2.4696
2.31948
2.24361
2.20342
2.21624
2.24943
2.23418
2.23289
2.2131
2.271
2.28769
2.24756
2.19845
2.22327
2.15207
2.15846
2.1628
2.10237
2.09853
2.08941
2.22215
2.07586
2.083
2.07274
2.07811
2.07849
2.07245
2.08569
2.05084
2.05682
2.06692
2.05038
2.04796
2.17492
2.07719
2.07534
2.07626
2.08155
2.08569
2.07139
2.08616
2.05459
2.05285
2.04089
2.04505
2.07596
2.08819
2.0878
2.0767
2.07655
2.0832
2.07507
2.08297
2.06981
2.08506
2.05488
2.04803
2.04597
2.04894
2.059
2.1929
2.0769
2.07564
2.07615
2.08071
2.08433
2.07478
2.0881
2.03678
2.0348
2.05984
2.05284
2.05821
2.20043
2.0774
2.07491
2.08758
2.07518
2.07671
2.08124
2.08272
2.05145
2.04825
2.05233
2.04655
2.04757
2.11608
2.08084
2.07695
2.07471
2.07632
2.08152
2.08896
2.06989
2.08819
2.05602
2.0479
2.0588
2.08635
2.11064
2.08323
2.07723
2.07632
2.0875
2.07423
2.08264
2.07538
2.08588
2.04065
2.05529
2.05594
2.05006
2.04715
2.19061
2.07709
2.08075
2.07671
2.08124
2.07075
2.09116
2.05955
2.05255
2.07694
2.06168
-996.957
2.04616
2.09902
2.08231
2.07748
2.08001
2.08536
2.0748
2.08241
2.07626
2.08264
2.05335
2.02369
2.06189
2.07672
2.05299
2.09018
2.08136
2.07635
2.07583
2.08104
2.08292
2.07353
2.07818
2.07898
2.04276
2.04827
2.0538
2.05018
2.05397
2.20354
2.07602
2.08101
2.07153
2.08621
2.07676
2.08119
2.08463
2.05293
2.04323
2.05698
2.07717
2.05949
2.06955
2.08189
2.0767
2.07633
2.0806
2.07656
2.08229
2.07482
2.08003
2.04207
2.06163
2.048
2.05706
2.05884
2.18424
2.07759
2.07979
2.07651
2.08353
2.09351
2.0621
2.07803
2.05414
2.05011
2.04991
2.04595
2.04758
2.11482
2.08535
2.07571
2.07594
2.08193
2.0829
2.07512
2.07593
2.09911
2.0598
2.07695
2.04994
2.0519
2.11783
2.07581
2.09012
2.13686
2.08
2.08561
2.08767
2.05117
2.05998
2.04926
2.02405
2.03835
2.10938
2.18702
2.07547
2.07589
2.08199
2.07568
2.08229
2.14458
2.06551
2.05278
2.05305
2.03479
2.07188
2.18527
2.07549
2.15193
2.08177
2.07083
2.08706
2.07399
2.0511
2.06335
2.04444
2.056
2.24328
2.0757
2.07549
2.08365
2.07452
2.08196
2.07589
2.09626
2.05393
2.07432
2.04453
2.03907
2.04957
2.09222
2.08192
2.07571
2.08266
2.07514
2.07656
2.08141
2.08344
2.07431
2.04003
2.05815
2.01834
2.04929
2.07901
2.04582
2.06993
2.08922
2.0759
2.07684
2.07506
2.08527
2.07853
2.06991
2.09003
2.05813
2.03977
2.04368
2.09338
2.03633
2.08955
2.08679
2.0755
2.08271
2.07526
2.08257
2.0755
2.08352
2.07624
2.04955
2.03913
2.02338
2.03845
2.05625
2.04902
2.10393
2.08769
2.07711
2.07461
2.0822
2.07554
2.09003
2.06923
2.08102
2.05899
2.05081
2.06002
2.05535
2.04821
2.17637
2.07814
2.07928
2.07781
2.07988
2.0828
2.0785
2.06271
2.07006
2.04651
2.04437
2.03911
2.04069
2.04519
2.09777
2.07619
2.07554
2.0775
2.07452
2.09615
2.0629
2.09262
2.06422
2.06737
2.03917
2.04848
2.04802
2.05873
2.11152
2.08214
2.07727
2.08014
2.08275
2.06977
2.07004
2.08746
2.07398
2.04288
2.05201
2.04591
2.04913
2.10924
2.07056
2.08814
2.07561
2.08172
2.07739
2.07457
2.0823
2.1671
2.05297
2.04454
2.0546
2.0472
2.04828
2.1931
2.07638
2.15312
2.08574
2.07768
2.07423
2.07105
2.06006
2.06613
2.04485
2.11755
2.17246
2.07666
2.10086
2.05104
2.08778
2.07007
2.08162
2.07521
2.04709
2.05768
2.08353
2.13777
2.12839
2.07699
2.08277
2.07537
2.08256
2.07512
2.07765
2.08444
2.04765
2.04804
2.01499
2.04477
2.08555
2.04661
2.06473
2.09331
2.07701
2.07439
2.0822
2.07753
2.07558
2.0806
2.07758
2.06542
2.04707
2.04068
2.05566
2.04934
2.19649
2.07591
2.08113
2.08255
2.07532
2.06577
2.08011
2.09145
2.05451
2.05825
2.04678
2.06323
2.05664
2.16727
2.07537
2.07685
2.07625
2.081
2.08874
2.07553
2.06738
2.06052
2.05062
2.05175
2.0619
2.05027
2.18318
2.39241
2.62588
2.57233
2.65356
2.40848
2.46174
2.60046
2.74909
2.55471
2.60947
2.55303
2.48393
2.45978
2.55147
2.64195
2.64318
2.44857
2.47612
2.59487
2.45678
2.59511
2.40627
2.42544
2.50407
2.5228
2.35374
2.38415
2.41528
2.3505
2.40955
2.32449
2.45643
2.45313
2.34029
2.45534
2.5833
2.59312
2.59091
2.5426
2.52232
2.49612
2.71406
2.51372
2.51906
2.62022
2.51871
2.675
2.67798
2.56417
2.5865
2.70092
2.5601
2.63
2.64341
2.57229
2.62852
2.6947
2.51111
2.65641
2.55753
2.50149
2.62224
2.50843
2.57612
2.59873
2.49948
2.66835
2.6889
2.57048
2.44647
2.54109
2.48266
2.52533
2.63553
2.52656
2.65831
2.49301
2.53269
2.67422
2.54821
2.67184
2.71965
2.52497
2.57919
2.69684
2.57476
2.64718
2.62884
2.55819
2.6267
2.62017
2.49295
2.71488
2.53228
2.51256
2.57372
2.50976
2.33463
2.55725
2.45903
2.57984
2.42631
2.28207
2.39684
2.44532
2.51731
2.46431
2.41955
2.37973
2.36619
2.48224
2.52988
2.38276
2.48683
2.37227
2.45507
2.45912
2.41728
2.42518
2.45164
2.61318
2.62244
2.54515
2.5957
2.6836
2.56562
2.60822
2.68007
2.57168
2.63922
-996.289
2.63374
2.65372
2.69166
2.72975
2.52043
2.65985
2.58088
2.62464
2.71783
2.58129
2.67109
2.67617
2.52418
2.64709
2.53959
2.50928
2.58604
2.50681
2.3344
2.66209
2.57145
2.62728
2.63688
2.57654
2.6391
2.68715
2.5175
2.67854
2.51492
2.50865
2.65955
2.53579
2.48191
2.61762
2.54177
2.66848
2.6967
2.55116
2.61141
2.66608
2.56376
2.64456
2.62481
2.5768
2.63784
2.6977
2.58619
2.68355
2.58936
2.4914
2.67748
2.59147
2.50314
2.67235
2.52229
2.63318
2.48592
2.52807
2.47733
2.6371
2.57395
2.55262
2.60862
2.50731
2.69515
2.59867
2.51648
2.72777
2.51424
2.641
2.60715
2.52624
2.71457
2.6509
2.61838
2.56703
2.68641
2.57933
2.60943
2.65453
2.56431
2.61336
2.65096
2.58046
2.62
2.72801
2.57258
2.6921
2.71367
2.59248
2.68896
2.62244
2.51252
2.56564
2.50679
2.56746
2.53478
2.53783
2.5912
2.57815
2.67345
2.58483
2.69245
2.57097
2.64831
2.71064
2.5571
2.63527
2.62082
2.58666
2.66663
2.67792
2.4885
2.60262
2.59844
2.51167
2.66156
2.52597
2.63076
2.62003
2.57765
2.56744
2.68616
2.56429
2.60379
2.56814
2.59771
2.62066
2.53077
2.4974
2.58092
2.50683
2.57842
2.66023
2.52196
2.54729
2.68306
2.57376
2.55638
2.51211
2.53854
2.4847
2.58614
2.53782
2.67651
2.5333
2.57215
2.66655
2.51405
2.55572
2.69593
2.59338
2.63462
2.6979
2.5489
2.6153
2.66443
2.56673
2.59849
2.67723
2.5675
2.62563
2.70248
2.58968
2.69637
2.71516
2.58916
2.68362
2.73156
2.58258
2.65479
2.5743
2.50261
2.57806
2.52784
2.47499
2.60082
2.55178
2.65421
2.69541
2.55735
2.59801
2.68418
2.49294
2.6501
2.68259
2.58198
2.62052
2.72501
2.55923
2.70728
2.72212
2.58904
2.68656
2.71914
2.59398
2.676
2.55526
2.46443
2.52923
2.40828
2.55544
2.33804
2.46152
2.60051
2.45464
2.48768
2.44014
2.47479
2.44217
2.48889
2.39803
2.52699
2.22827
2.10509
2.11973
2.3401
2.32381
2.28375
2.47416
2.45354
2.43991
2.52487
2.55273
2.64043
2.71635
2.55657
2.64252
2.69709
2.5494
2.63733
2.7418
2.52804
2.64938
2.55862
2.5271
2.66603
2.51226
2.57753
2.61937
2.55509
2.5865
2.54717
2.54381
2.62772
2.65008
2.56904
2.63986
2.70232
2.58305
2.66554
2.59995
2.52033
2.66141
2.58607
2.51804
2.60021
2.48164
2.56941
2.68425
2.56596
2.68208
2.71746
2.52177
2.59809
2.67812
2.56845
2.64196
2.70632
2.6378
2.63022
2.64751
2.56303
2.64671
2.68237
2.5108
2.70008
2.52944
2.52096
2.69831
2.50925
2.51251
2.59693
2.58358
2.63695
2.6835
2.58475
2.65053
2.70101
2.55265
2.59959
2.70183
2.61843
2.52431
2.56609
2.48965
2.726
2.52878
2.50335
2.49863
2.52545
2.32226
2.65052
2.5823
2.64117
2.70326
2.72647
2.6344
2.64414
2.72323
2.62817
2.64291
2.73168
2.51484
2.67908
2.56424
2.50902
2.57054
2.506
2.6103
2.51747
2.44122
2.67867
2.5534
2.66916
2.70407
2.54465
2.61803
2.67758
2.77981
2.67321
2.69246
2.55559
2.60499
2.68116
2.54831
2.51402
2.56293
2.52824
2.69575
2.5633
2.51115
2.55716
2.49745
2.54928
2.68529
2.56695
2.67373
2.69527
2.54972
2.60928
2.68893
2.78084
2.67139
2.69463
2.55321
2.48117
2.52225
2.486
2.64513
2.56439
2.50194
2.69435
2.50734
2.6561
2.68407
2.53258
2.6211
2.65877
2.59154
2.54879
2.64628
2.56961
2.60749
2.68112
2.63979
2.64539
2.62507
2.5642
2.64295
2.69857
2.58066
2.67589
2.66605
-996.481
2.5337
2.51714
2.54799
2.67177
2.51034
2.35321
2.65523
2.57367
2.64877
2.69896
2.72889
2.63296
2.63859
2.7251
2.65367
2.69654
2.5721
2.56882
2.6177
2.58022
2.68385
2.71877
2.59288
2.6224
2.53316
2.50433
2.62029
2.51363
2.51173
2.6394
2.5955
2.58817
2.71234
2.53749
2.60164
2.6957
2.62183
2.51842
2.56805
2.4853
2.58703
2.56012
2.52333
2.52248
2.50305
2.52054
2.53376
2.49036
2.41992
2.55918
2.37737
2.19544
2.48041
2.61568
2.63367
2.58442
2.53818
2.54473
2.51714
2.69285
2.51009
2.64605
2.68522
2.47683
2.59522
2.70322
2.5475
2.6764
2.68859
2.56124
2.61332
2.66091
2.56648
2.63742
2.63298
2.57243
2.59777
2.67617
2.51169
2.66141
2.55942
2.49648
2.70107
2.51111
2.65202
2.68811
2.51235
2.55615
2.55006
2.55373
2.64934
2.71161
2.55163
2.63999
2.62095
2.51239
2.68995
2.71087
2.51721
2.53739
2.56439
2.51844
2.66085
2.51748
2.63518
2.47983
2.54463
2.63074
2.67062
2.79316
2.65304
2.68602
2.56089
2.60182
2.69963
2.79385
2.65346
2.68387
2.56426
2.60591
2.67031
2.57439
2.50944
2.55571
2.50385
2.63994
2.58414
2.50312
2.66641
2.50848
2.65512
2.61619
2.54878
2.59493
2.64457
2.53234
2.63836
2.50725
2.53966
2.62932
2.52045
2.51687
2.56644
2.48703
2.4383
2.53649
2.52708
2.47676
2.60124
2.50234
2.70973
2.57842
2.50909
2.67783
2.51283
2.51637
2.64206
2.58504
2.58586
2.63593
2.53648
2.63483
2.6433
2.72483
2.63741
2.50455
2.5426
2.67379
2.66643
2.52058
2.66169
2.56536
2.5098
2.68528
2.53355
2.49923
2.59014
2.55122
2.5448
2.66464
2.55561
2.64466
2.61436
2.50804
2.68702
2.73341
2.57987
2.66896
2.68957
2.53072
2.71291
2.539
2.49631
2.64178
2.51043
2.57685
2.61295
2.54812
2.67725
2.70014
2.55639
2.54955
2.66762
2.78858
2.65583
2.69716
2.55271
2.61165
2.66644
2.57083
2.58358
2.66883
2.58372
2.64718
2.46836
2.26088
2.25238
2.59813
2.50256
2.49487
2.50041
2.5069
2.50352
2.45677
2.64057
2.55433
2.66261
2.5656
2.52633
2.64421
2.58566
2.54409
2.6633
2.68615
2.53412
2.72269
2.5361
2.50198
2.64237
2.50838
2.63853
2.60585
2.51808
2.71858
2.66963
2.62294
2.62902
2.70445
2.56404
2.55841
2.64319
2.78507
2.57007
2.65071
2.77669
2.44379
2.67192
2.72567
2.60656
2.66044
2.7273
2.62959
2.57245
2.56338
2.50563
2.5714
2.50198
2.57602
2.46602
2.66999
2.61947
2.55818
2.58333
2.69666
2.55515
2.54721
2.53803
2.51822
2.55074
2.53084
2.47092
2.52798
2.50159
2.55475
2.68606
2.5639
2.60755
2.68965
2.54389
2.64655
2.72239
2.63456
2.63136
2.73206
2.62383
2.63806
2.51466
2.51723
2.70727
2.54043
2.49069
2.65705
2.51125
2.63912
2.60267
2.51399
2.72998
2.65533
2.5191
2.66676
2.69684
2.55238
2.60475
2.68576
2.54793
2.63277
2.62797
2.58322
2.64774
2.55332
2.50094
2.66727
2.59196
2.50029
2.67029
2.50645
2.651
2.62258
2.55135
2.66758
2.68311
2.58435
2.53837
2.64598
2.56055
2.6381
2.64589
2.56218
2.64426
2.63325
2.5016
2.66818
2.56752
2.50181
2.68939
2.48208
2.59607
2.60996
2.56756
2.58875
2.71124
2.53863
2.54958
2.64531
2.71977
2.639
2.64596
2.7206
2.64149
2.71113
2.5688
2.62929
2.6329
2.57915
2.56909
2.7117
2.53481
2.69641
2.55632
2.50736
2.62632
2.41099
2.51211
2.64674
2.54688
2.61422
2.64562
2.4845
2.63343
2.63452
2.5783
2.68742
2.73031
2.56024
2.61968
-996.45
2.51119
2.71101
2.51968
2.57461
2.6666
2.53213
2.54029
2.6812
2.57696
2.66536
2.56029
2.53181
2.63026
2.65036
2.56701
2.65003
2.69091
2.58439
2.66883
2.68297
2.54345
2.6037
2.58169
2.53006
2.67219
2.52599
2.62284
2.60523
2.51521
2.72619
2.59644
2.58507
2.66378
2.68548
2.55548
2.61532
2.67793
2.55623
2.6302
2.63009
2.58325
2.63159
2.69923
2.58123
2.69922
2.72584
2.58093
2.68269
2.5901
2.50096
2.57211
2.53324
2.58482
2.67201
2.53362
2.45118
2.63544
2.547
2.63964
2.6291
2.73293
2.52542
2.67049
2.56394
2.50882
2.56687
2.49539
2.71914
2.53785
2.56016
2.52479
2.54374
2.67433
2.69354
2.56508
2.66388
2.68444
2.56334
2.60663
2.67201
2.56004
2.61744
2.65704
2.5743
2.63706
2.69849
2.58431
2.68379
2.72052
2.51604
2.68212
2.53854
2.51858
2.59087
2.51329
2.75934
2.68395
2.51421
2.79937
2.41328
2.36193
2.58842
2.68422
2.72466
2.60953
2.68249
2.6255
2.61833
2.65217
2.50615
2.68868
2.72375
2.55055
2.63539
2.53998
2.4959
2.51704
2.48544
2.5662
2.68404
2.57034
2.53082
2.66028
2.56335
2.46977
2.51636
2.48703
2.66533
2.53074
2.57156
2.58066
2.51527
2.56041
2.65488
2.52865
2.60567
2.66091
2.73142
2.52637
2.65686
2.50565
2.68147
2.73101
2.58504
2.66543
2.69261
2.53187
2.72722
2.52159
2.49687
2.64303
2.50419
2.44555
2.64818
2.58197
2.66642
2.6889
2.58571
2.55287
2.69791
2.57058
2.63975
2.61428
2.5879
2.63024
2.7069
2.58322
2.69137
2.71177
2.51089
2.65333
2.57859
2.50046
2.63376
2.50578
2.2935
2.22835
2.20184
2.22191
2.26482
2.282
2.21122
2.20235
2.27355
2.22418
2.23676
2.20385
2.24013
2.15027
2.15241
2.15724
2.10284
2.11433
2.09153
2.21735
2.07531
2.07648
2.07953
2.07196
2.07862
2.07836
2.08445
2.05213
2.04779
2.01661
2.0486
2.06485
2.04573
2.08529
2.08754
2.07697
2.07468
2.08207
2.07573
2.08324
2.07569
2.08157
2.0562
2.05131
2.04107
2.05771
2.04525
2.11005
2.08775
2.07656
2.08195
2.07525
2.08241
2.07518
2.07187
2.08613
2.05459
2.038
2.04421
2.04587
2.04795
2.0589
2.07813
2.08164
2.07606
2.0763
2.08158
2.07653
2.11512
2.11951
2.04681
2.05603
2.05095
2.05846
2.05438
2.10519
2.08241
2.07821
2.07947
2.07159
2.08613
2.06746
2.08444
2.08887
2.05014
2.07925
2.05156
2.06396
2.19804
2.07661
2.07489
2.08218
2.07562
2.08341
2.07557
2.08208
2.03894
2.04708
2.06387
2.0399
2.05895
2.20026
2.07802
2.07949
2.07658
2.08192
2.19905
2.42985
2.59701
2.60239
2.5224
2.46039
2.55516
2.63258
2.65928
2.62186
2.54694
2.64391
2.63717
2.48237
2.60768
2.59897
2.47122
2.41889
2.4896
2.50789
2.47771
2.53743
2.56242
2.43061
2.50203
2.3831
2.43035
2.50826
2.62653
2.49415
2.42692
2.36033
2.53125
2.34781
2.57844
2.41108
2.47247
2.59392
2.79151
2.53175
2.69691
2.52148
2.49362
2.53555
2.49585
2.55835
2.68679
2.56291
2.67331
2.69533
2.55429
2.60678
2.68998
2.79403
2.65433
2.68535
2.56476
2.61099
2.54675
2.53018
2.6397
2.69597
2.5856
2.67294
2.68424
2.53533
2.71267
2.51177
2.49217
2.5443
2.49326
2.55031
2.71471
2.5539
2.52707
2.68209
2.83016
2.62838
2.69114
2.55323
2.62641
2.66484
2.54402
2.63083
2.63604
2.58129
2.63952
2.69849
2.58652
2.53997
2.51768
2.52025
2.5726
2.50166
2.40681
2.48535
2.5135
2.61117
2.59779
2.53103
2.63126
2.60341
2.49317
2.56706
2.51096
2.59255
2.69317
2.56096
2.66687
2.70086
2.5523
2.60868
2.66663
2.56876
2.6461
2.71843
2.55376
2.63371
2.62872
2.58419
2.67929
2.72371
2.56307
2.63771
-996.483
2.513
2.51218
2.50472
2.41507
2.62306
2.76662
2.66944
2.68274
2.55675
2.45115
2.45335
2.47114
2.54695
2.46825
2.44809
2.5029
2.57808
2.44567
2.55408
2.46332
2.53863
2.4697
2.44427
2.50781
2.58585
2.62949
2.65343
2.62644
2.63894
2.62161
2.51656
2.68189
2.7265
2.58298
2.69229
2.71253
2.56688
2.63746
2.54431
2.51258
2.69875
2.51593
2.58285
2.66474
2.55103
2.60724
2.66426
2.60707
2.56367
2.52165
2.5825
2.64417
2.69787
2.73574
2.62726
2.71772
2.4911
2.63551
2.62244
2.58475
2.67609
2.68356
2.54177
2.69871
2.54309
2.51871
2.71148
2.54184
2.53689
2.55049
2.54743
2.60029
2.52434
2.54979
2.50085
2.58058
2.50949
2.5647
2.49626
2.58317
2.65807
2.48625
2.59204
2.70274
2.55232
2.67029
2.68558
2.56096
2.61476
2.67415
2.55553
2.59874
2.55891
2.51473
2.67155
2.56855
2.5
2.58592
2.50083
2.50046
2.54456
2.5303
2.63499
2.73309
2.78431
2.66849
2.6968
2.54539
2.59094
2.69225
2.57358
2.64661
2.70886
2.63236
2.64241
2.726
2.63407
2.65279
2.68986
2.73153
2.51297
2.67395
2.57552
2.65093
2.68573
2.51138
2.6932
2.53263
2.51801
2.69816
2.51581
2.58553
2.53907
2.5323
2.66646
2.68328
2.58452
2.65298
2.7084
2.54306
2.62054
2.65398
2.56365
2.64378
2.63624
2.57029
2.64229
2.68939
2.58783
2.68324
2.72918
2.55462
2.64649
2.52988
2.50682
2.63417
2.52009
2.63771
2.67822
2.51183
2.56743
2.67472
2.58474
2.6635
2.57726
2.76944
2.65197
2.69779
2.55305
2.61589
2.67939
2.55155
2.62521
2.62878
2.58748
2.63674
2.69695
2.57945
2.65969
2.70623
2.52102
2.65092
2.55994
2.51602
2.68067
2.5178
2.63825
2.68443
2.52241
2.54841
2.70677
2.55118
2.66254
2.65433
2.52357
2.6338
2.63549
2.57107
2.62654
2.52489
2.4675
2.52821
2.46706
2.67611
2.60268
2.51289
2.57276
2.7163
2.53217
2.55756
2.64138
2.56609
2.50277
2.49594
2.48568
2.51435
2.44163
2.47626
2.46534
2.5323
2.48573
2.52455
2.4501
2.45289
2.4614
2.43488
2.48382
2.48016
2.52868
2.46291
2.4596
2.4953
2.50163
2.4616
2.54031
2.47742
2.51729
2.45574
2.46462
2.51445
2.5628
2.46573
2.54445
2.48234
2.62847
2.61509
2.5116
2.65862
2.52107
2.62954
2.59892
2.57929
2.67104
2.70032
2.55149
2.54917
2.67065
2.79232
2.65352
2.57431
2.75697
2.67411
2.70403
2.55138
2.61193
2.52511
2.5359
2.51559
2.55347
2.48913
2.64631
2.52501
2.63946
2.68345
2.48985
2.58711
2.68107
2.57316
2.66737
2.65186
2.52095
2.63225
2.54175
2.51384
2.68443
2.73339
2.58168
2.56039
2.5284
2.49521
2.69074
2.50995
2.74315
2.67816
2.47881
2.60076
2.64647
2.52701
2.66189
2.65034
2.52166
2.62529
2.64969
2.7293
2.64024
2.71611
2.5566
2.63863
2.62331
2.58807
2.63698
2.68826
2.51272
2.68139
2.54906
2.50195
2.63314
2.52737
2.49347
2.61384
2.54121
2.53607
2.55715
2.59152
2.50777
2.4916
2.51132
2.70747
2.51332
2.7973
2.7599
2.60112
2.50971
2.56877
2.48929
2.59229
2.56114
2.54014
2.6296
2.44496
2.48517
2.65245
2.57179
2.50147
2.5525
2.47976
2.57751
2.71646
2.54032
2.66558
2.71735
2.53258
2.55306
2.63934
2.72935
2.63449
2.73988
2.77555
2.67213
2.6478
2.51857
2.64062
2.63574
2.7283
2.5967
2.68774
2.6311
2.63666
2.62628
2.58183
2.53827
2.53459
2.49681
2.64118
2.52836
2.6252
2.61312
2.51391
2.63517
2.68685
2.57303
2.6674
2.6865
2.57755
2.63099
-996.354
2.55038
2.63131
2.6461
2.56643
2.65102
2.67467
2.5948
2.69145
2.71785
2.59016
2.67743
2.67997
2.5288
2.64407
2.56126
2.46696
2.61334
2.52629
2.66638
2.61689
2.55364
2.58874
2.63929
2.5387
2.59929
2.66302
2.73952
2.6067
2.64796
2.73838
2.63836
2.73707
2.79333
2.65359
2.6958
2.5568
2.6203
2.65545
2.55844
2.51135
2.57036
2.51358
2.71177
2.55782
2.51043
2.54642
2.46872
2.44262
2.47564
2.53428
2.63327
2.69356
2.52096
2.6762
2.51901
2.46009
2.70682
2.52656
2.49619
2.64147
2.58311
2.53186
2.61994
2.77808
2.66244
2.69767
2.55141
2.6176
2.6808
2.77998
2.66473
2.63861
2.53667
2.63032
2.71897
2.56678
2.52875
2.66043
2.58431
2.66926
2.65528
2.53034
2.67106
2.56451
2.50086
2.69256
2.5214
2.50551
2.63928
2.58557
2.66666
2.69163
2.55422
2.67747
2.65513
2.59044
2.6116
2.68774
2.78094
2.55063
2.64115
2.56498
2.60787
2.66507
2.57493
2.62204
2.71006
2.58911
2.68412
2.72366
2.59021
2.69296
2.71505
2.58981
2.68016
2.6846
2.53608
2.69507
2.55863
2.50586
2.70431
2.52797
2.5631
2.59221
2.50781
2.73183
2.65535
2.61057
2.57252
2.64455
2.53114
2.57234
2.69578
2.73019
2.63002
2.64357
2.56208
2.45828
2.53436
2.51882
2.70491
2.52657
2.56362
2.67382
2.53952
2.61798
2.66749
2.50247
2.66874
2.65198
2.52213
2.635
2.63929
2.73193
2.64676
2.69221
2.57088
2.59095
2.67227
2.57913
2.63676
2.70222
2.58343
2.69056
2.71863
2.58931
2.68236
2.67558
2.525
2.60357
2.60613
2.50621
2.5556
2.50912
2.53937
2.68837
2.57227
2.66312
2.69771
2.56717
2.47153
2.61616
2.50674
2.68933
2.71487
2.59672
2.68748
2.73635
2.57245
2.69501
2.70933
2.59506
2.69135
2.71908
2.51019
2.67501
2.52221
2.51273
2.66471
2.52157
2.49508
2.6071
2.53993
2.66944
2.68578
2.56399
2.48447
2.51771
2.51466
2.69441
2.55312
2.52632
2.55685
2.49565
2.16209
2.19082
2.22597
2.20181
2.2154
2.19999
2.23775
2.24227
2.20824
2.19846
2.26805
2.23843
2.21211
2.23612
2.31554
2.37169
2.46655
2.53756
2.40293
2.55806
2.43593
2.58309
2.57988
2.51212
2.66814
2.55711
2.52919
2.59803
2.56214
2.52734
2.67473
2.59463
2.52496
2.65278
2.58914
2.51226
2.65868
2.5253
2.66352
2.55817
2.58179
2.5443
2.65713
2.56452
2.6393
2.71122
2.57136
2.65032
2.6118
2.57743
2.62979
2.60452
2.49498
2.50237
2.48274
2.43953
2.6607
2.57334
2.66659
2.651
2.5191
2.52742
2.6673
2.56785
2.51867
2.5533
2.46444
2.53533
2.45625
2.59929
2.69028
2.57271
2.66804
2.55126
2.61806
2.60481
2.66624
2.73108
2.63419
2.6373
2.56804
2.63434
2.62706
2.58231
2.69108
2.71731
2.51723
2.68435
2.52012
2.50331
2.65364
2.50986
2.28356
2.24027
2.19302
2.21573
2.26469
2.23954
2.2294
2.19848
2.25995
2.30862
2.23148
2.19567
2.24849
2.15138
2.1513
2.16905
2.10495
2.07795
2.10627
2.08302
2.2208
2.07215
2.07981
2.07051
2.08646
2.07145
2.08901
2.05052
2.05724
2.00631
2.03556
2.05695
2.04872
2.10089
2.08818
2.07686
2.08177
2.08093
2.07005
2.08508
2.0738
2.08098
2.05765
2.04211
2.04888
2.04386
2.05897
2.1981
2.0801
2.0774
2.07774
2.08021
2.06671
2.09202
2.06554
2.05835
2.05297
2.04703
2.05911
2.05158
2.10451
2.08565
2.07583
2.07692
2.08137
2.07534
2.08944
2.06943
2.07119
2.03984
2.0452
2.03987
2.04942
2.03628
2.05607
2.11033
2.16094
2.07542
2.07987
2.07764
2.0838
2.06913
2.08622
2.04384
2.05501
2.04901
2.04857
2.05347
2.19918
2.07674
2.0756
2.10088
2.05567
2.08053
2.07871
2.08205
2.05907
2.07856
-996.953
2.05505
2.05348
2.07039
2.08513
2.07695
2.07652
2.0798
2.07992
2.08107
2.06861
2.08725
2.2987
2.73404
2.58198
2.62167
2.56243
2.57958
2.67818
2.58382
2.58621
2.56509
2.5362
2.66766
2.58066
2.53932
2.5705
2.48686
2.7484
2.52206
2.49316
2.53376
2.46837
2.43428
2.5968
2.38491
2.61725
2.46073
2.40122
2.49147
2.53551
2.41143
2.52684
2.36781
2.39571
2.52514
2.43528
2.46439
2.45564
2.47997
2.57203
2.59821
2.66509
2.67991
2.56887
2.57044
2.65127
2.79304
2.6538
2.6568
2.51388
2.60742
2.6686
2.64571
2.63862
2.72482
2.63527
2.64421
2.70078
2.72664
2.63679
2.65519
2.5454
2.51305
2.44815
2.49617
2.67608
2.54008
2.49129
2.51009
2.56457
2.63505
2.65763
2.78549
2.65976
2.6543
2.61578
2.59716
2.66182
2.56161
2.49814
2.57927
2.48975
2.64622
2.59976
2.50613
2.66268
2.51441
2.64055
2.61495
2.55558
2.66868
2.70386
2.54919
2.52793
2.54224
2.53232
2.61442
2.73014
2.58267
2.67765
2.68873
2.53818
2.69663
2.52124
2.51182
2.65438
2.51493
2.50924
2.63769
2.58657
2.66747
2.71354
2.55133
2.65169
2.63397
2.54371
2.62865
2.53027
2.52045
2.54928
2.54744
2.53307
2.65732
2.5211
2.28586
2.36398
2.22191
2.25359
2.23174
2.2225
2.20424
2.21072
2.36594
2.238
2.17512
2.14469
2.18314
2.15265
2.15719
2.15402
2.07418
2.08497
2.08048
2.0868
2.19982
2.07836
2.07744
2.07462
2.08249
2.0781
2.07473
2.08173
2.05684
2.04562
2.08064
2.05124
2.07642
2.1376
2.0764
2.08218
2.07665
2.07507
2.07576
2.08034
2.08841
2.04562
2.04644
2.06001
2.05377
2.05324
2.10247
2.08236
2.08134
2.07638
2.07873
2.07884
2.07796
2.08001
2.07174
2.04342
2.05945
2.05364
2.04088
2.05356
2.1162
2.08681
2.07672
2.08091
2.07715
2.07816
2.07684
2.07506
2.084
2.05743
2.04141
2.04395
2.06203
2.04168
2.20409
2.08067
2.07797
2.08134
2.06921
2.07282
2.09426
2.06828
2.06152
2.05054
2.0593
2.0522
2.0439
2.09872
2.08829
2.0769
2.07426
2.08449
2.07811
2.0868
2.06586
2.08327
2.05855
2.05814
2.04931
2.05641
2.05234
2.0915
2.08281
2.07748
2.07734
2.08155
2.08036
2.07815
2.06848
2.08431
2.05644
2.04534
2.03537
2.05153
2.05725
2.05
2.07383
2.08127
2.07744
2.07543
2.08711
2.0712
2.08398
2.0695
2.08008
2.06173
2.05116
2.03384
2.05707
2.04772
2.11604
2.08695
2.0771
2.08353
2.07297
2.0728
2.09161
2.0827
2.07355
2.04894
2.04596
2.04913
2.03881
2.05698
2.20533
2.07743
2.07996
2.07825
2.07473
2.08414
2.08479
2.06899
2.06007
2.06904
2.06293
2.09691
2.07056
2.16815
2.08267
2.07726
2.07466
2.08059
2.18676
2.53796
2.4667
2.54637
2.43863
2.33773
2.54238
2.56996
2.57542
2.52592
2.58293
2.53354
2.52815
2.70122
2.49004
2.43866
2.65526
2.53298
2.60963
2.55404
2.57747
2.55061
2.62546
2.43758
2.58189
2.38279
2.46429
2.52768
2.41747
2.49629
2.41155
2.40221
2.44735
2.47214
2.51137
2.51684
2.51252
2.60513
2.52203
2.51621
2.65682
2.53218
2.6316
2.67867
2.51364
2.56035
2.7086
2.54817
2.66742
2.66066
2.59356
2.60188
2.66521
2.56597
2.63462
2.62574
2.57864
2.63732
2.58998
2.50795
2.71151
2.58057
2.50738
2.67614
2.51381
2.56307
2.63693
2.53671
2.66326
2.68872
2.56688
2.55219
2.64719
2.56005
2.62945
2.6332
2.5804
2.62252
2.71282
2.58845
2.69009
2.71914
2.58914
2.68609
2.72575
2.58642
2.69663
2.71165
2.58644
2.55189
2.53845
2.51769
2.68071
2.50243
2.43688
2.54515
2.52853
2.4706
2.52788
2.49112
2.64043
2.60347
2.49825
2.56686
2.52513
2.57885
2.68147
2.60015
2.64124
2.6506
2.5976
2.61741
2.67753
2.79957
2.65095
2.64936
2.52285
2.63342
2.63949
2.72655
2.65661
2.69431
2.56908
2.64898
-996.302
2.73019
2.64498
2.72327
2.4711
2.57326
2.68238
2.5898
2.68563
2.72601
2.59003
2.69244
2.70883
2.59215
2.69358
2.71428
2.51795
2.63815
2.56304
2.51748
2.63898
2.50877
2.57234
2.60653
2.57139
2.66003
2.70835
2.54739
2.66729
2.65858
2.59373
2.61489
2.67233
2.54959
2.64426
2.61513
2.58145
2.65417
2.69247
2.57821
2.69072
2.71854
2.59521
2.68337
2.71402
2.59564
2.68764
2.72684
2.58762
2.6624
2.70522
2.53376
2.70997
2.51209
2.52356
2.53345
2.51938
2.82186
2.48691
2.48034
2.63054
2.67069
2.58711
2.59191
2.56124
2.53309
2.49401
2.57681
2.48496
2.65082
2.52894
2.49098
2.6528
2.58382
2.66728
2.71194
2.53516
2.67461
2.64747
2.60656
2.61185
2.67247
2.55072
2.64621
2.72181
2.6305
2.63725
2.50634
2.49951
2.66397
2.56597
2.5248
2.65929
2.53182
2.6247
2.68522
2.50214
2.57375
2.69518
2.56023
2.54998
2.64468
2.57008
2.55178
2.70767
2.57349
2.60834
2.5911
2.52585
2.64808
2.59367
2.50132
2.66694
2.49572
2.5814
2.59819
2.59334
2.65057
2.63709
2.53915
2.52898
2.66153
2.57412
2.62736
2.70896
2.58379
2.68632
2.72901
2.58318
2.66675
2.70687
2.52047
2.66781
2.56631
2.50813
2.64514
2.54243
2.48828
2.63806
2.59081
2.68282
2.63538
2.51712
2.59857
2.69914
2.79243
2.65423
2.65231
2.52554
2.64581
2.70217
2.57385
2.6369
2.7208
2.63718
2.65451
2.69225
2.72789
2.52041
2.68004
2.56492
2.6231
2.71384
2.58403
2.68713
2.72974
2.58107
2.69092
2.72345
2.58379
2.6824
2.73028
2.58513
2.67157
2.59879
2.53403
2.65256
2.57594
2.50778
2.66468
2.51564
2.80123
2.67734
2.45893
2.53935
2.70648
2.55409
2.56318
2.66231
2.7791
2.5698
2.65054
2.60669
2.46782
2.54064
2.4995
2.5793
2.49455
2.50288
2.59694
2.55381
2.4476
2.56613
2.50564
2.47308
2.50119
2.50936
2.65625
2.50919
2.62982
2.62165
2.5664
2.59572
2.64783
2.52583
2.43579
2.56066
2.46165
2.52368
2.45442
2.47784
2.49521
2.5871
2.62406
2.66102
2.63034
2.64865
2.72062
2.54989
2.63054
2.62155
2.50573
2.69535
2.5236
2.81032
2.74667
2.71715
2.51759
2.68205
2.52199
2.51862
2.62783
2.45852
2.79395
2.6831
2.5236
2.7911
2.58016
2.53576
2.56551
2.7035
2.54791
2.56384
2.65806
2.77958
2.43893
2.54989
2.54253
2.66366
2.60899
2.72235
2.6856
2.72601
2.50646
2.68601
2.51488
2.53524
2.78004
2.60835
2.49601
2.66609
2.52233
2.63688
2.61687
2.54849
2.67287
2.70432
2.54355
2.67595
2.5214
2.57921
2.64408
2.69954
2.72709
2.63442
2.64499
2.55998
2.63372
2.62362
2.58624
2.68816
2.73337
2.57965
2.55059
2.55112
2.50735
2.6705
2.50744
2.4081
2.67079
2.59137
2.6681
2.66656
2.59672
2.6334
2.64994
2.7816
2.66881
2.4856
2.30453
2.22866
2.38339
2.22214
2.31911
2.22557
2.20454
2.19005
2.2236
2.2399
2.22287
2.13283
2.14273
2.24107
2.15713
2.15234
2.16022
2.08469
2.06508
2.06265
2.08761
2.0585
2.08016
2.08094
2.07569
2.0812
2.07002
2.08093
2.08894
2.07868
2.05577
2.06618
2.04067
2.04678
2.05024
2.05124
2.07243
2.13864
2.07613
2.08237
2.08276
2.07405
2.08308
2.07463
2.0862
2.04805
2.04852
2.04395
2.04821
2.05896
2.11018
2.08162
2.07731
2.07513
2.0811
2.08411
2.07417
2.07485
2.08315
2.04149
2.06227
2.04433
2.04326
2.04996
2.03662
2.09605
2.0755
2.07585
2.08157
2.0824
2.07532
2.0827
2.07534
2.10881
2.04928
2.04558
2.05355
2.05658
2.04565
2.08405
2.08214
2.07647
2.07513
2.08289
2.07476
2.08542
2.07336
2.08211
2.04971
2.05534
2.04696
2.0446
-996.957
2.03799
2.08778
2.08354
2.07705
2.08062
2.08268
2.07474
2.07763
2.08012
2.1006
2.05823
2.05139
2.0635
2.06148
2.19104
2.0767
2.07431
2.08327
2.07467
2.08548
2.07329
2.08173
2.04935
2.03584
2.04105
2.06189
2.08095
2.18038
2.07704
2.08062
2.07029
2.08725
2.06453
2.09313
2.0798
2.03491
2.0507
2.05172
2.08957
2.0581
2.16098
2.07641
2.07653
2.08035
2.08233
2.07137
2.08055
2.0754
2.0681
2.03586
2.03906
2.03679
2.05824
2.07542
2.1428
2.08831
2.06888
2.07058
2.08731
2.0646
2.08703
2.09868
2.06127
2.07119
2.06507
2.03916
2.19701
2.07665
2.08081
2.07085
2.08047
2.08223
2.07665
2.0824
2.05671
2.0511
2.04373
2.07136
2.05021
2.17632
2.08992
2.06701
2.07679
2.081
2.06474
2.0819
2.07687
2.0947
2.05374
2.04471
2.0332
2.03895
2.10688
2.10142
2.0634
2.07583
2.081
2.0755
2.08817
2.07092
2.08689
2.03882
2.04114
2.05374
2.05163
2.05023
2.05032
2.15779
2.07565
2.12678
2.11318
2.07653
2.07515
2.0947
2.0393
2.03353
2.05553
2.05799
2.16807
2.08338
2.07619
2.07526
2.07558
2.07614
2.08161
2.14926
2.04191
2.06414
2.04868
2.05113
2.05674
2.11428
2.08773
2.07691
2.16366
2.06883
2.08865
2.05827
2.10593
2.04527
2.04862
2.04503
2.09231
2.04766
2.15846
2.07572
2.07686
2.07579
2.08697
2.06958
2.16467
2.05619
2.04727
2.03966
2.05628
2.04663
2.11533
2.08794
2.158
2.08229
2.06308
2.07668
2.08724
2.07065
2.03923
2.03591
2.06905
2.05898
2.05502
2.11498
2.08792
2.15782
2.06978
2.08798
2.07017
2.08295
2.07651
2.03936
2.0558
2.0469
2.03785
2.04827
2.05111
2.17482
2.09375
2.06389
2.08284
2.06279
2.08379
2.0742
2.07793
2.04507
2.0526
2.03937
2.07086
2.04162
2.05342
2.15688
2.07728
2.07442
2.07721
2.08044
2.0883
2.06359
2.08821
2.03883
2.04074
2.05916
2.05328
2.05544
2.18855
2.08901
2.06806
2.08268
2.07535
2.07655
2.08099
2.06591
2.06682
2.04991
2.05197
2.05124
2.0419
2.11524
2.08305
2.07682
2.07549
2.46454
2.57874
2.52302
2.5209
2.56043
2.5129
2.67367
2.59627
2.65548
2.63119
2.71308
2.65417
2.63122
2.71387
2.55773
2.62649
2.5622
2.54974
2.6075
2.41456
2.49606
2.38809
2.49568
2.50812
2.43999
2.50703
2.42739
2.45167
2.2591
2.35336
2.51791
2.41031
2.46256
2.46725
2.44204
2.31182
2.27244
2.22326
2.55253
2.52252
2.61899
2.63899
2.73308
2.49742
2.49586
2.46731
2.52922
2.48119
2.74156
2.60713
2.51241
2.56063
2.58561
2.58983
2.60518
2.67213
2.57206
2.64648
2.71334
2.62914
2.63397
2.51541
2.5085
2.71633
2.52567
2.81305
2.66561
2.49608
2.51399
2.66567
2.53653
2.56217
2.60609
2.55277
2.53573
2.51938
2.55015
2.52452
2.67795
2.53601
2.72278
2.5021
2.51827
2.65037
2.53492
2.48986
2.65221
2.67994
2.56201
2.72214
2.52799
2.66909
2.65252
2.52019
2.50989
2.6673
2.58629
2.63388
2.70544
2.57661
2.54038
2.56908
2.46909
2.70813
2.53277
2.55413
2.48938
2.53454
2.64421
2.64691
2.62282
2.62596
2.65663
2.55659
2.50391
2.58123
2.5064
2.70486
2.58719
2.48734
2.59546
2.46848
2.61159
2.6923
2.5636
2.67238
2.64755
2.53202
2.6283
2.63407
2.73015
2.63808
2.64346
2.55475
2.63301
2.63227
2.583
2.67838
2.51822
2.48536
2.68602
2.50719
2.64485
2.68873
2.54418
2.61262
2.6402
2.53732
2.4544
2.55803
2.58342
2.50887
2.45905
2.51661
2.5193
2.5175
2.54098
2.72404
2.53196
2.66802
2.71646
2.61309
2.66543
2.68213
2.59355
2.62055
2.64719
2.78985
2.56418
2.64656
2.90113
2.54626
2.56294
2.96095
2.79969
2.69316
2.59333
2.64118
2.68766
2.601
2.71176
2.67395
2.60167
2.64582
2.69445
2.59091
2.70785
2.6771
2.61239
2.67591
2.58704
2.63147
2.52303
2.71048
2.67592
2.75346
2.65192
2.59058
2.64035
2.73357
2.62473
2.64501
2.74176
-996.403
2.60831
2.73523
2.67078
2.74807
2.7772
2.62268
2.75281
2.68376
2.59476
2.71971
2.67589
2.59852
2.72459
2.675
2.59627
2.72669
2.64092
2.63029
2.72638
2.68836
2.59734
2.59303
2.72932
2.64524
2.74227
2.69724
2.59792
2.91904
2.67931
2.53066
2.63099
2.61941
2.54906
2.59034
2.66786
2.60836
2.61396
2.54571
2.73614
2.6322
2.52893
2.53217
2.65736
2.5786
2.54017
2.52118
2.5051
2.62878
2.55896
2.54327
2.6698
2.56929
2.5257
2.63011
2.62456
2.66878
2.52299
2.55279
2.5104
2.57292
2.51907
2.56162
2.52097
2.54738
2.52801
2.5145
2.58768
2.50612
2.70496
2.52917
2.55011
2.54404
2.5325
2.52619
2.60219
2.6118
2.67068
2.58142
2.59363
2.54493
2.54473
2.60956
2.53984
2.51345
2.58542
2.54921
2.518
2.52421
2.53099
2.60397
2.70783
2.55126
2.52188
2.56236
2.67061
2.51884
2.57319
2.51044
2.55926
2.52253
2.54349
2.38682
2.55065
2.51599
2.5651
2.51897
2.55589
2.57494
2.51853
2.5059
2.52836
2.47297
2.61995
2.61815
2.49621
2.56729
2.52438
2.56078
2.56745
2.50911
2.51396
2.49854
2.42078
2.51491
2.56496
2.51144
2.55647
2.51964
2.55345
2.49318
2.36903
2.44836
2.46451
2.45634
2.45243
2.37649
2.41672
2.51498
2.35901
2.40951
2.25839
2.34584
2.38244
2.38768
2.34349
2.38858
2.50791
2.45896
2.52408
2.43666
2.45958
2.52031
2.53407
2.59386
2.70553
2.55252
2.66686
2.55186
2.53958
2.51938
2.66312
2.58092
2.5631
2.56576
2.51475
2.51878
2.51359
2.62274
2.65728
2.61968
2.63676
2.71186
2.54421
2.53299
2.53727
2.53594
2.51531
2.5271
2.51651
2.51918
2.63504
2.57686
2.46987
2.54679
2.51431
2.55922
2.53225
2.53803
2.58245
2.58434
2.69903
2.64755
2.54037
2.66816
2.57336
2.57239
2.56801
2.54291
2.53138
2.53209
2.59449
2.56917
2.62541
2.59946
2.55125
2.56135
2.57968
2.58396
2.58892
2.63855
2.61594
2.58096
2.50056
2.57367
2.55089
2.6296
2.65716
2.62913
2.47573
2.60142
2.49792
2.4936
2.48579
2.44306
2.54153
2.53299
2.47054
2.52941
2.49649
2.49564
2.46853
2.38001
2.48848
2.50281
2.46015
2.51984
2.48042
2.53729
2.45288
2.69245
2.70049
2.5483
2.59756
2.66276
2.5865
2.60881
2.66812
2.56325
2.64412
2.72199
2.63171
2.59834
2.66257
2.58331
2.61754
2.70759
2.51461
2.68876
2.51854
2.67198
2.73087
2.5983
2.52286
2.58621
2.5176
2.47761
2.55099
2.52194
2.52698
2.56207
2.51524
2.55373
2.56574
2.50946
2.53454
2.5063
2.61945
2.70786
2.54995
2.66721
2.66266
2.60396
2.6212
2.50879
2.5398
2.64448
2.68744
2.59014
2.68461
2.71885
2.59534
2.69193
2.72218
2.58281
2.685
2.72797
2.58916
2.68103
2.7289
2.51148
2.67978
2.52437
2.51371
2.63736
2.51591
2.7253
2.4887
2.36608
2.59424
2.70612
2.62089
2.50863
2.49233
2.50101
2.72654
2.56965
2.4998
2.67866
2.52703
2.34928
2.23043
2.19866
2.24612
2.23544
2.2476
2.20694
2.20852
2.29082
2.20872
2.2135
2.13646
2.12958
2.18546
2.15251
2.15903
2.15217
2.09196
2.09055
2.06575
2.08088
2.12271
2.07461
2.07991
2.07603
2.1538
2.07482
2.07519
2.08723
2.0395
2.04694
2.04116
2.05776
2.07119
2.09979
2.09316
2.07569
2.07607
2.07569
2.08821
2.06987
2.08196
2.07099
2.05495
2.07775
2.05621
2.03255
2.0454
2.11157
2.08238
2.09322
2.14034
2.08287
2.07486
2.07173
2.08019
2.03988
2.06093
2.05426
2.07959
2.04533
2.09503
2.08134
2.07655
2.07598
2.07448
2.09044
2.0678
2.09486
2.0816
2.03811
2.0509
2.03903
2.09308
2.05314
2.08081
2.08233
2.09307
2.06418
2.08301
2.07487
2.07667
2.08119
2.06723
2.05759
-996.961
2.06099
2.04872
2.03321
2.0452
2.09653
2.07854
2.07571
2.07581
2.07569
2.0845
2.07245
2.43108
2.44009
2.40385
2.5803
2.52809
2.54509
2.55309
2.71719
2.53803
2.65518
2.56579
2.56076
2.60181
2.60794
2.58852
2.41989
2.53528
2.41849
2.49413
2.54528
2.5407
2.43284
2.57871
2.43099
2.57221
2.43745
2.43966
2.47256
2.54955
2.39648
2.53602
2.38317
2.46752
2.58054
2.4488
2.48543
2.61128
2.47411
2.66588
2.58302
2.4952
2.67841
2.53778
2.54349
2.62449
2.54763
2.59352
2.6711
2.57972
2.59801
2.67607
2.57113
2.62884
2.63708
2.56769
2.62384
2.71387
2.58914
2.67547
2.57051
2.52271
2.67167
2.60978
2.49584
2.46555
2.21284
2.59682
2.66322
2.50477
2.68529
2.59329
2.52411
2.64226
2.59856
2.5082
2.66002
2.38559
2.612
2.71814
2.53637
2.66989
2.49044
2.29907
2.23614
2.22363
2.21389
2.20649
2.36078
2.22146
2.20096
2.19208
2.2161
2.23655
2.21787
2.1437
2.13662
2.17037
2.15465
2.15625
2.16552
2.08428
2.06545
2.06663
2.07874
2.06051
2.15702
2.0762
2.07409
2.07567
2.08241
2.07522
2.07665
2.08127
2.04627
2.054
2.03469
2.05788
2.0461
2.05264
2.16332
2.09504
2.05764
2.08756
2.07511
2.07687
2.06893
2.07833
2.04875
2.04672
2.06321
2.03403
2.04469
2.06349
2.15881
2.07745
2.07508
2.0811
2.07566
2.08823
2.06479
2.09319
2.03845
2.06229
2.0588
2.03903
2.04074
2.06066
2.06137
2.08236
2.0951
2.09902
2.11712
2.07992
2.07764
2.07507
2.04717
2.07804
2.03801
2.03958
2.07736
2.09946
2.07562
2.07646
2.07506
2.08293
2.06988
2.08073
2.17012
2.04965
2.05112
2.04393
2.0467
2.05124
2.20144
2.09452
2.13863
2.07166
2.07519
2.09993
2.06278
2.0448
2.05125
2.0503
2.08655
2.03808
2.18525
2.07697
2.07458
2.08321
2.07462
2.08201
2.15191
2.04694
2.04967
2.05008
2.04495
2.04722
2.06554
2.15189
2.15797
2.07497
2.0831
2.0781
2.06843
2.08714
2.03878
2.06248
2.12902
2.04663
2.17212
2.07682
2.07494
2.07206
2.08921
2.06881
2.17234
2.05036
2.05238
2.06249
2.04035
2.05967
2.17624
2.09538
2.13813
2.08256
2.07529
2.07165
2.08142
2.05674
2.04786
2.04921
2.0758
2.05198
2.17295
2.07704
2.07456
2.08214
2.07701
2.0701
2.16397
2.04801
2.0348
2.04717
2.04081
2.07021
2.07363
2.14063
2.15787
2.07526
2.07055
2.0873
2.07134
2.08632
2.04282
2.04706
2.05337
2.0443
2.06908
2.1931
2.07724
2.07532
2.08116
2.07588
2.08836
2.0704
2.08106
2.03972
2.04523
2.04986
2.04103
2.05475
2.04338
2.09278
2.08303
2.09593
2.06167
2.07766
2.08
2.06585
2.08636
2.07147
2.04315
2.0509
2.04881
2.03072
2.05132
2.04833
2.11091
2.07597
2.0768
2.07592
2.07481
2.08787
2.07083
2.16412
2.04946
2.0476
2.04459
2.04026
2.03368
2.04703
2.18614
2.0768
2.07576
2.08077
2.07675
2.08127
2.07062
2.08825
2.05187
2.05709
2.05537
2.05038
2.0523
2.18237
2.07526
2.08184
2.07731
2.07464
2.08085
2.07221
2.08809
2.0388
2.04608
2.0557
2.03993
2.04892
2.04715
2.0905
2.08163
2.09584
2.06133
2.07643
2.08143
2.07188
2.08646
2.06563
2.05106
2.05174
2.04222
2.02878
2.05217
2.0387
2.11895
2.07638
2.07652
2.07629
2.07427
2.0832
2.07581
2.0761
2.08034
2.04163
2.05247
2.03945
2.0595
2.04957
2.04636
2.16777
2.09655
2.06041
2.07678
2.08109
2.06591
2.09227
2.08334
2.04939
2.04249
2.05463
2.05787
2.04569
2.11218
2.07995
2.07583
2.07581
2.08259
2.07516
2.08964
2.06923
2.08231
2.07567
2.05413
2.05297
2.04848
2.04133
2.17638
2.09393
2.0633
2.07668
2.08119
2.06592
2.0958
2.08497
2.05133
2.04236
2.04626
2.04937
2.04539
2.12136
2.08155
2.07629
2.07449
2.08339
2.07456
2.08202
2.07667
2.08165
2.04544
2.05228
2.0564
2.04518
2.04365
2.20658
2.09603
2.05535
2.08982
2.06823
2.08268
2.06934
2.10067
2.04393
2.07791
2.05292
2.12214
2.14019
2.07685
2.07561
2.075
2.0889
2.07499
2.08907
2.07773
2.04169
2.051
2.03795
2.05222
2.07366
2.1845
2.09557
2.09635
2.12397
2.07353
2.08551
2.06311
2.0356
2.04786
2.04514
2.04806
2.10922
-996.825
2.07697
2.07679
2.07998
2.07574
2.08203
2.13431
2.04767
2.05281
2.06181
2.03943
2.05159
2.05202
2.16835
2.09609
2.13723
2.08257
2.0785
2.06828
2.08003
2.04586
2.04397
2.0654
2.06875
2.04612
2.1087
2.07761
2.07654
2.08229
2.07545
2.0821
2.15193
2.08769
2.04699
2.03999
2.04966
2.05728
2.0408
2.04616
2.07983
2.08248
2.09576
2.0616
2.08247
2.0773
2.08038
2.06321
2.07856
2.05944
2.06378
2.04015
2.04993
2.0412
2.06188
2.14305
2.07726
2.07656
2.08213
2.07431
2.08853
2.06967
2.08187
2.03885
2.04644
2.05263
2.04489
2.08061
2.18573
2.09572
2.0629
2.08264
2.07439
2.0822
2.07509
2.06575
2.04608
2.04789
2.04908
2.01612
2.04874
2.05809
2.1178
2.07632
2.07661
2.0762
2.07777
2.074
2.0809
2.09412
2.07051
2.03353
2.05858
2.0453
2.04878
2.0407
2.06482
2.07407
2.08308
2.07659
2.08186
2.07511
2.07659
2.08131
2.07217
2.08583
2.05143
2.0482
2.04918
2.04398
2.06594
2.11389
2.07731
2.07543
2.0772
2.07544
2.08121
2.0758
2.10219
2.04962
2.03645
2.05351
2.03905
2.0497
2.04028
2.04468
2.19835
2.0954
2.06269
2.08215
2.15116
2.08361
2.07409
2.03888
2.06133
2.04871
2.10143
2.11786
2.08175
2.07713
2.07546
2.07619
2.0818
2.07926
2.07705
2.07153
2.05155
2.04528
2.04092
2.07111
2.04438
2.03754
2.1706
2.07504
2.07646
2.08118
2.08282
2.07529
2.07767
2.08118
2.04208
2.057
2.04877
2.04881
2.04622
2.04685
2.08034
2.07858
2.07772
2.07506
2.08222
2.07564
2.06998
2.08653
2.07716
2.04633
2.05248
2.0501
2.04704
2.05774
2.20137
2.09478
2.06386
2.06937
2.08821
2.07922
2.07175
2.08079
2.05192
2.036
2.06217
2.06396
2.09561
2.14176
2.07628
2.07628
2.07566
2.08114
2.07676
2.07608
2.08462
2.05245
2.04341
2.06311
2.04039
2.03934
2.06292
2.0654
2.08477
2.15795
2.0791
2.07242
2.09008
2.0677
2.08285
2.02915
2.05789
2.04525
2.00006
2.06417
2.06656
2.10979
2.07633
2.07538
2.0823
2.07318
2.07856
2.0756
2.08333
2.07548
2.04627
2.05093
2.04614
2.04601
2.05194
2.04452
2.16979
2.09537
2.06177
2.07655
2.08357
2.0806
2.06885
2.08264
2.02909
2.04508
2.0579
2.00005
2.06474
2.04759
2.12159
2.08338
2.07651
2.08109
2.07273
2.0822
2.08555
2.06438
2.0804
2.04829
2.04792
2.04696
2.04576
2.05209
2.04558
2.08241
2.08691
2.07689
2.08394
2.06762
2.0908
2.06615
2.08388
2.07546
2.03437
2.04287
2.04107
2.05036
2.03704
2.03436
2.04751
2.08891
2.0763
2.07629
2.08232
2.06968
2.08123
2.0752
2.09525
2.05692
2.05304
2.04768
2.04908
2.04582
2.04685
2.04294
2.10014
2.07681
2.07636
2.08116
2.07509
2.08286
2.07496
2.08866
2.06446
2.04809
2.05714
2.03779
2.04542
2.04612
2.0337
2.10115
2.08495
2.07764
2.0752
2.08072
2.0768
2.08132
2.07685
2.08682
2.05045
2.05158
2.0574
2.05744
2.05055
2.17678
2.09585
2.06369
2.08015
2.07847
2.07959
2.06315
2.07766
2.0672
2.06159
2.04726
2.03701
2.10464
2.21963
2.07673
2.07987
2.0759
2.07591
2.08296
2.08694
2.03978
2.0543
2.05645
2.04518
2.0437
2.04432
2.15993
2.07708
2.12669
2.09968
2.09472
2.06912
2.09
2.04897
2.04495
2.03968
2.02566
2.12385
2.07814
2.08076
2.07704
2.07657
2.08132
2.07445
2.07611
2.15781
2.04717
2.04854
2.0453
2.04461
2.04525
2.05872
2.1663
2.15231
2.08123
2.07047
2.0873
2.08865
2.0632
2.04768
2.04809
2.0596
2.04805
2.04538
2.06384
2.0552
2.08797
2.07586
2.07555
2.08866
2.09544
2.04503
2.08678
2.08188
2.03989
2.03958
2.03837
2.07122
2.05068
2.049
2.16089
2.0756
2.07704
2.08088
2.07073
2.0875
2.08834
2.06957
2.05179
2.04764
2.07415
2.05093
2.03911
2.10966
2.1532
2.0806
2.0763
2.07553
2.07139
2.10555
2.06317
2.05705
2.05176
2.03965
2.03334
2.04082
2.05128
2.0925
2.08359
2.09647
2.06066
2.0776
2.08026
2.06471
2.08704
2.09487
2.0603
2.0639
2.04496
2.05217
2.05285
2.08098
2.08203
2.0769
2.07459
2.08349
2.07426
2.08241
2.07049
2.08849
2.05055
2.04601
2.03798
2.04628
2.04052
2.04487
2.18225
2.07563
2.0767
2.08124
2.07064
2.0874
2.07753
2.07513
2.05996
2.04494
2.06902
2.05671
2.05044
2.09762
2.07615
2.07556
2.08234
2.06973
2.09599
2.06274
2.08099
2.07108
2.04574
-996.957
2.05214
2.04371
2.04902
2.03382
2.19373
2.09642
2.06188
2.0765
2.07991
2.06454
2.08735
2.07047
2.04661
2.06524
2.06445
2.04501
2.04984
2.10134
2.08889
2.07687
2.08083
2.07776
2.07413
2.08204
2.07669
2.08104
2.04504
2.05283
2.04379
2.04761
2.05038
2.06395
2.14613
2.07686
2.07554
2.08107
2.07075
2.09061
2.06824
2.07993
2.04799
2.04697
2.06042
2.04846
2.04518
2.06303
2.05891
2.08532
2.07554
2.08191
2.07605
2.07682
2.08096
2.13083
2.05104
2.04981
2.05113
2.0435
2.05131
2.03285
2.1972
2.09562
2.06225
2.07662
2.08114
2.0647
2.09301
2.07075
2.04
2.05086
2.04732
2.04283
2.05096
2.03895
2.1076
2.0765
2.07664
2.07502
2.07633
2.08152
2.07566
2.08225
2.07561
2.04142
2.05357
2.04729
2.05089
2.04465
2.05499
2.16372
2.08124
2.07577
2.08286
2.07746
2.06271
2.08678
2.08892
2.03296
2.04466
2.0479
2.04334
2.05168
2.04639
2.17595
2.07705
2.08057
2.07698
2.07592
2.08727
2.0703
2.08163
2.05718
2.04735
2.07864
2.04632
2.04362
2.17723
2.09517
2.06167
2.07767
2.08013
2.08266
2.06887
2.07157
2.04443
2.03967
2.04541
2.04706
2.04866
2.04708
2.11167
2.07679
2.07654
2.076
2.07479
2.08906
2.06847
2.09528
2.06342
2.0472
2.0468
2.04922
2.0409
2.05112
2.05452
2.08234
2.08294
2.07691
2.08187
2.07484
2.08309
2.07474
2.07167
2.08004
2.03789
2.04099
2.04014
2.03884
2.11256
2.10933
2.07659
2.07665
2.08119
2.0695
2.09627
2.06272
2.08913
2.06755
2.05725
2.05066
2.06303
2.04167
2.05723
2.10386
2.08307
2.09473
2.06218
2.07776
2.08203
2.06941
2.07428
2.07771
2.04587
2.05035
2.04693
2.03306
2.04962
2.04875
2.10931
2.07642
2.07727
2.0754
2.07796
2.09282
2.06299
2.08681
2.07066
2.04633
2.04286
2.04291
2.05178
2.05118
2.05159
2.16866
2.09491
2.06255
2.07368
2.08406
2.06477
2.0869
2.08903
2.03393
2.04397
2.04781
2.03324
2.11885
2.08038
2.08488
2.07681
2.08067
2.07725
2.07463
2.08264
2.15237
2.03984
2.0558
2.05826
2.04823
2.05742
2.19505
2.07678
2.08189
2.07491
2.08522
2.06669
2.07778
2.08705
2.03981
2.05919
2.10924
2.04946
2.10927
2.08202
2.07713
2.0756
2.08109
2.07558
2.07778
2.08019
2.0891
2.0446
2.04622
2.03878
2.04604
2.04981
2.04622
2.08773
2.08361
2.09508
2.06225
2.08282
2.07492
2.07666
2.06929
2.07761
2.04498
2.02192
2.05587
2.05235
2.04758
2.06123
2.0992
2.0774
2.07647
2.0761
2.07558
2.08222
2.09358
2.0761
2.06299
2.04697
2.0527
2.04723
2.04604
2.04779
2.03359
2.08732
2.09435
2.07541
2.07664
2.08121
2.07789
2.07997
2.0718
2.08579
2.04106
2.05194
2.05049
2.05393
2.04559
2.06384
2.14332
2.07659
2.07479
2.07527
2.08435
2.07269
2.10221
2.05743
2.04835
2.04654
2.04839
2.04649
2.04213
2.04077
2.09428
2.08699
2.07577
2.07673
2.08116
2.07772
2.0797
2.07174
2.08619
2.04602
2.05392
2.04916
2.07625
2.04054
2.10087
2.08358
2.07624
2.07708
2.07971
2.07938
2.07288
2.08129
2.07588
2.04251
2.03841
2.05118
2.04172
2.03903
2.03861
2.05852
2.14593
2.07583
2.07772
2.07987
2.07669
2.08156
2.07233
2.07924
2.04768
2.04812
2.0754
2.05979
2.05087
2.17373
2.07815
2.07973
2.0762
2.07582
2.07108
2.0865
2.08232
2.04478
2.03507
2.05782
2.05085
2.04078
2.07004
2.06696
2.08344
2.07538
2.11162
2.12916
2.07498
2.07155
2.08654
2.05034
2.06935
2.03312
2.04439
2.10348
2.07187
2.07796
2.07627
2.07459
2.0759
2.07718
2.0805
2.1642
2.04888
2.04906
2.04371
2.05087
2.07165
2.09628
2.08935
2.15922
2.08096
2.07751
2.07424
2.08125
2.06583
2.04512
2.04769
2.06651
2.05164
2.04367
2.11693
2.0882
2.07686
2.07453
2.08221
2.07597
2.08201
2.07565
2.08906
2.03378
2.0511
2.04996
2.04691
2.04495
2.05003
2.08268
2.08356
2.0949
2.13367
2.08757
2.07525
2.08283
2.06876
2.0479
2.03591
2.04107
2.03575
2.03631
2.05551
2.11668
2.08641
2.07737
2.0755
2.0753
2.0815
2.08321
2.07713
2.08786
2.04968
2.05712
2.03852
2.03918
2.0717
2.09027
2.09491
2.07715
2.08159
2.0702
2.08762
2.07517
2.08837
2.06419
2.04673
2.0454
2.03865
2.05617
2.0329
2.04472
2.19034
2.07694
2.08083
2.0769
2.07477
2.08892
2.06402
2.08057
2.04829
2.05072
2.04509
2.0449
2.04
-996.949
2.17661
2.08105
2.14718
2.08768
2.0643
2.10033
2.06186
2.04843
2.04418
2.03848
2.05715
2.04945
2.04967
2.09065
2.07858
2.07701
2.0767
2.0822
2.08045
2.1513
2.07658
2.05147
2.04552
2.06033
2.0452
2.0396
2.04552
2.16778
2.07587
2.08303
2.07583
2.07747
2.07744
2.08629
2.07949
2.05142
2.05565
2.04387
2.05734
2.06384
2.08402
2.08678
2.07739
2.07427
2.08223
2.07621
2.0817
2.07386
2.08613
2.03756
2.06525
2.0467
2.04117
2.0502
2.04587
2.16099
2.07699
2.07654
2.08198
2.08044
2.07544
2.08899
2.06884
2.05159
2.04939
2.06602
2.04781
2.05084
2.10798
2.0768
2.07588
2.08219
2.06862
2.08212
2.07562
2.08793
2.07113
2.04095
2.04421
2.05984
2.04276
2.0432
2.04775
2.17649
2.07631
2.10909
2.04345
2.08844
2.08052
2.07529
2.07728
2.05668
2.0577
2.01706
2.07889
2.05083
2.10635
2.08087
2.07697
2.07666
2.0771
2.08176
2.15458
2.10643
2.05394
2.04904
2.04882
2.05493
2.06982
2.149
2.15961
2.07719
2.07899
2.06542
2.0955
2.06779
2.07199
2.08293
2.0668
2.05735
2.17588
2.07692
2.07579
2.08792
2.06998
2.07936
2.15284
2.07095
2.05771
2.03303
2.05484
2.04789
2.11261
2.07934
2.15848
2.07502
2.0829
2.15719
2.08842
2.04677
2.0543
2.06911
2.11238
2.07226
2.08245
2.07671
2.07616
2.0757
2.08162
2.07917
2.16021
2.05881
2.03408
2.03968
2.05687
2.04984
2.05107
2.081
2.07857
2.07634
2.08094
2.07753
2.08223
2.07078
2.08523
2.08612
2.04981
2.07363
2.08116
2.16632
2.52331
2.53448
2.60335
2.59986
2.6277
2.46435
2.51964
2.58715
2.50557
2.41393
2.53879
2.72469
2.55208
2.62452
2.59411
2.5622
2.59917
2.45869
2.55543
2.41717
2.43247
2.32518
2.39003
2.59938
2.41025
2.57655
2.44215
2.42754
2.48188
2.42288
2.39051
2.59167
2.40194
2.52228
2.58831
2.45117
2.55528
2.65231
2.56771
2.6124
2.71382
2.51585
2.66733
2.56783
2.51257
2.62268
2.51777
2.71128
2.60962
2.52538
2.54712
2.63013
2.54658
2.60952
2.6602
2.49301
2.64051
2.62609
2.58407
2.6826
2.72348
2.51336
2.67779
2.52489
2.50634
2.65262
2.53395
2.54585
2.59139
2.59627
2.6589
2.6968
2.53986
2.67484
2.65981
2.59931
2.61352
2.65707
2.57152
2.64702
2.69798
2.73249
2.50236
2.58255
2.48016
2.50038
2.46427
2.45143
2.51194
2.49337
2.46977
2.52087
2.46602
2.5402
2.46008
2.51185
2.67882
2.58743
2.66478
2.70145
2.53646
2.68633
2.64677
2.52764
2.61763
2.65327
2.72559
2.63239
2.63104
2.73369
2.64942
2.61213
2.72852
2.57812
2.68664
2.75346
2.62139
2.63164
2.73183
2.51985
2.67548
2.56975
2.641
2.68633
2.51944
2.69134
2.50992
2.50518
2.52019
2.51381
2.40587
2.48518
2.58012
2.62462
2.63672
2.59265
2.69896
2.70782
2.5925
2.68906
2.72112
2.5912
2.68198
2.7231
2.51339
2.67381
2.55507
2.86203
2.62136
2.614
2.57119
2.59469
2.62362
2.58502
2.76782
2.67139
2.58165
2.74506
2.6494
2.59678
2.74384
2.65317
2.57285
2.76716
2.64925
2.58087
2.62247
2.57601
2.58586
2.6044
2.57417
2.58556
2.59858
2.64756
2.59406
2.59024
2.63965
2.51604
2.6359
2.61474
2.57844
2.65647
2.5714
2.59272
2.61376
2.56836
2.65329
2.58194
2.57844
2.6163
2.58569
2.55393
2.59023
2.63491
2.61211
2.59708
2.64429
2.59431
2.62089
2.61867
2.57848
2.56811
2.55743
2.61557
2.6193
2.58896
2.63194
2.57417
2.57991
2.52525
2.62137
2.61522
2.59906
2.63594
2.60808
2.55532
2.59184
2.58161
2.65646
2.60661
2.58926
2.63006
2.60594
2.79119
2.65139
2.60815
2.72853
2.66301
2.61667
2.65569
2.59898
2.57062
2.67658
2.62995
2.55168
2.66205
2.58552
2.64945
2.60595
2.57149
2.55801
2.61174
2.65434
2.59775
2.5796
2.57498
2.56835
2.59182
-996.395
2.56674
2.58557
2.59847
2.63782
2.64812
2.58778
2.73775
2.67722
2.57111
2.75061
2.66358
2.51988
2.82233
2.64946
2.58467
2.75105
2.6643
2.53032
2.70723
2.51364
2.56874
2.61588
2.55651
2.53214
2.63962
2.6664
2.61145
2.6672
2.56161
2.63458
2.6258
2.58625
2.6495
2.67767
2.59404
2.70154
2.71031
2.58611
2.68361
2.72446
2.58969
2.68819
2.72254
2.58796
2.6809
2.56497
2.53079
2.66825
2.60549
2.49965
2.65768
2.39516
2.5967
2.69213
2.56723
2.66939
2.658
2.59496
2.61319
2.67078
2.55175
2.52913
2.64435
2.59703
2.54784
2.55587
2.50563
2.6751
2.53609
2.69762
2.5544
2.46582
2.53097
2.62858
2.76412
2.66347
2.65131
2.60003
2.61812
2.66993
2.55896
2.57356
2.69514
2.56819
2.63008
2.69583
2.59558
2.69509
2.71636
2.59144
2.6818
2.72607
2.58639
2.53969
2.5672
2.51466
2.66887
2.52374
2.70962
2.68461
2.39891
2.67407
2.70442
2.55147
2.5902
2.65929
2.51406
2.62957
2.65174
2.63905
2.50668
2.67007
2.58075
2.68095
2.55922
2.50637
2.70695
2.59242
2.49688
2.67407
2.4743
2.59417
2.67479
2.58542
2.58895
2.52468
2.57086
2.63671
2.72982
2.6406
2.64708
2.70809
2.56186
2.64487
2.69352
2.57837
2.63448
2.5942
2.53218
2.68938
2.5905
2.5055
2.65969
2.53438
2.56576
2.60208
2.55075
2.66989
2.71272
2.54027
2.66563
2.64268
2.52465
2.63124
2.64569
2.72749
2.63971
2.63963
2.5534
2.61366
2.64649
2.59562
2.67763
2.5321
2.50229
2.72709
2.59779
2.50092
2.66721
2.45256
2.54194
2.69018
2.57017
2.66465
2.64337
2.53165
2.54157
2.63845
2.57996
2.63779
2.69557
2.58921
2.68673
2.72788
2.40762
2.62999
2.5926
2.49749
2.6659
2.50322
2.80766
2.60486
2.51591
2.5667
2.70159
2.53892
2.67569
2.63145
2.5464
2.63653
2.73334
2.54387
2.64936
2.71032
2.63934
2.64366
2.62471
2.57562
2.58531
2.60167
2.51569
2.65908
2.60697
2.49661
2.66176
2.41208
2.52406
2.47593
2.52922
2.49392
2.48279
2.49161
2.5288
2.4944
2.4283
2.49272
2.58188
2.48561
2.49234
2.44955
2.56374
2.47366
2.44978
2.48555
2.51161
2.46362
2.56489
2.46854
2.50056
2.4674
2.45575
2.46967
2.53177
2.45322
2.46267
2.47109
2.46403
2.53411
2.4769
2.5134
2.46787
2.54135
2.4633
2.45864
2.49802
2.49945
2.45874
2.53061
2.46198
2.54177
2.45807
2.37214
2.48155
2.52754
2.46287
2.51707
2.47296
2.55272
2.44278
2.55328
2.45796
2.53481
2.46511
2.51532
2.47037
2.55376
2.45798
2.45904
2.4642
2.5336
2.47521
2.56405
2.47621
2.51566
2.20513
2.4135
2.57605
2.46846
2.54224
2.46008
2.45795
2.49432
2.58516
2.47095
2.51498
2.46132
2.54843
2.46245
2.37812
2.47538
2.52241
2.46517
2.51753
2.47758
2.5427
2.47988
2.4364
2.48168
2.53042
2.47485
2.52686
2.48015
2.58292
2.48482
2.35713
2.48017
2.52045
2.5355
2.55385
2.4806
2.57813
2.48631
2.43734
2.46484
2.53252
2.48184
2.54633
2.4671
2.5905
2.46654
2.44415
2.48841
2.5111
2.46949
2.55824
2.46962
2.57557
2.469
2.45398
2.48418
2.51441
2.47412
2.55535
2.47473
2.56792
2.49081
2.43329
2.46432
2.54149
2.47642
2.54204
2.46939
2.57911
2.44023
2.56295
2.46531
2.52863
2.47062
2.50617
2.51238
2.66776
2.58123
2.53628
2.72804
2.57127
2.75293
2.75807
2.57885
2.72915
2.7611
2.61103
2.57235
2.74497
2.56737
2.63954
2.71608
2.58973
2.64133
2.76453
2.58987
2.51747
2.73878
2.60049
2.7077
2.69561
2.59865
2.70352
2.70612
-996.403
2.69355
2.70223
2.59845
2.65838
2.73826
2.61949
2.54433
2.73741
2.54919
2.66655
2.52758
2.5617
2.64634
2.72336
2.63715
2.63821
2.71772
2.56056
2.64428
2.70333
2.57259
2.63129
2.69851
2.5963
2.68099
2.72265
2.59032
2.67199
2.56751
2.52927
2.68225
2.57939
2.51745
2.66134
2.39289
2.59863
2.69183
2.55391
2.66856
2.64736
2.52932
2.62645
2.63552
2.57117
2.63569
2.62802
2.58459
2.67522
2.52868
2.50852
2.73394
2.59603
2.50609
2.6627
2.39174
2.59559
2.69503
2.56687
2.66873
2.6447
2.53083
2.49636
2.69572
2.56186
2.61429
2.72013
2.51987
2.67134
2.53546
2.65148
2.74037
2.58699
2.67693
2.73466
2.58962
2.52471
2.64941
2.54118
2.53421
2.6221
2.56862
2.57481
2.65992
2.59412
2.62346
2.66738
2.79938
2.6497
2.68792
2.56178
2.62654
2.67632
2.77345
2.58873
2.66186
2.67463
2.61886
2.6769
2.78106
2.53182
2.66161
2.5698
2.6386
2.72114
2.63686
2.67459
2.563
2.52735
2.67244
2.55469
2.55329
2.66029
2.60487
2.51604
2.71803
2.5369
2.54754
2.62093
2.57145
2.56767
2.66012
2.59138
2.59927
2.69563
2.79938
2.65289
2.66092
2.58898
2.63456
2.66604
2.77861
2.65946
2.6347
2.54635
2.65253
2.69423
2.57175
2.53347
2.64607
2.58392
2.6765
2.55037
2.50214
2.71205
2.60351
2.50187
2.66006
2.51277
2.64547
2.51302
2.58727
2.6611
2.65955
2.52272
2.64392
2.69941
2.57188
2.58971
2.6701
2.57916
2.62863
2.71141
2.58278
2.6969
2.74599
2.55449
2.69366
2.72509
2.57971
2.64461
2.48854
2.49694
2.65398
2.52197
2.56035
2.61837
2.55611
2.66367
2.70663
2.54889
2.66944
2.64984
2.52428
2.63681
2.64737
2.64166
2.64351
2.63732
2.54603
2.64299
2.70708
2.57853
2.69212
2.71861
2.5896
2.68113
2.73055
2.58386
2.69858
2.70436
2.59709
2.69121
2.7183
2.58679
2.69754
2.71829
2.58174
2.67888
2.54995
2.50136
2.58157
2.50935
2.54637
2.62225
2.56301
2.51876
2.50961
2.55913
2.50672
2.47171
2.49067
2.5281
2.49025
2.35714
2.457
2.46008
2.56371
2.54072
2.52077
2.4479
2.46823
2.43247
2.48074
2.45521
2.47044
2.46423
2.3821
2.45612
2.53748
2.4644
2.6244
2.46814
2.52789
2.46603
2.37057
2.48482
2.51328
2.47612
2.55226
2.46753
2.50025
2.48808
2.51061
2.46466
2.53464
2.47409
2.56954
2.46138
2.57474
2.47163
2.45343
2.47512
2.51425
2.47571
2.55582
2.45442
2.51198
2.47059
2.45256
2.46369
2.53535
2.46859
2.5574
2.51584
2.45603
2.46526
2.43572
2.47765
2.47511
2.53386
2.46469
2.37635
2.46642
2.53227
2.46771
2.43727
2.5186
2.50101
2.48832
2.48813
2.57676
2.60208
2.6307
2.63905
2.72339
2.63632
2.63905
2.72465
2.61885
2.66603
2.64197
2.50286
2.66498
2.52153
2.6982
2.50529
2.51907
2.62998
2.51199
2.73247
2.68461
2.51329
2.79991
2.68557
2.50318
2.80181
2.61249
2.5302
2.54368
2.68153
2.58689
2.65686
2.68137
2.58048
2.60693
2.6556
2.4803
2.63464
2.63421
2.58435
2.70016
2.70711
2.59275
2.67296
2.56637
2.52027
2.67647
2.59364
2.51184
2.66516
2.44756
2.54591
2.71052
2.54381
2.5377
2.57415
2.58865
2.69381
2.73989
2.65858
2.72286
2.72593
2.85758
2.61413
2.60117
2.62527
2.5669
2.56295
2.63162
2.56367
2.68452
2.55465
2.56324
2.70479
2.51554
2.66139
2.55195
2.55008
2.51961
2.53767
2.59467
2.60253
2.63376
2.60126
2.58809
2.64676
2.55001
2.6395
2.65233
2.5786
2.53343
2.52919
2.62527
2.6095
2.54787
-996.474
2.51267
2.61367
2.62175
2.60986
2.56226
2.53913
2.53618
2.53671
2.6278
2.53048
2.66799
2.6453
2.57449
2.62107
2.58398
2.5683
2.6052
2.55622
2.60327
2.4699
2.60148
2.5773
2.67249
2.59632
2.57451
2.58235
2.59119
2.65047
2.60294
2.57095
2.57306
2.5638
2.59217
2.61311
2.58088
2.57808
2.52923
2.59871
2.52713
2.55494
2.37744
2.53879
2.50984
2.62699
2.68874
2.52379
2.54902
2.71204
2.54088
2.6706
2.65575
2.59251
2.62792
2.63517
2.58277
2.6002
2.66406
2.57223
2.6437
2.69419
2.58401
2.67874
2.73501
2.5934
2.65804
2.56855
2.50969
2.69254
2.58031
2.52522
2.53897
2.52185
2.59785
2.70967
2.68227
2.61033
2.70467
2.54231
2.67421
2.68089
2.70557
2.61428
2.65662
2.59375
2.62621
2.54618
2.74937
2.62211
2.52674
2.53656
2.55145
2.59681
2.57469
2.69592
2.63783
2.57828
2.57067
2.6
2.59911
2.53242
2.62167
2.68776
2.60373
2.62839
2.60995
2.5793
2.57617
2.56165
2.5592
2.52077
2.53974
2.5373
2.57689
2.61929
2.57116
2.42803
2.48109
2.54685
2.53112
2.55668
2.51463
2.56013
2.57227
2.72832
2.70178
2.53563
2.48158
2.61879
2.54863
2.65117
2.71347
2.54122
2.66543
2.65637
2.52306
2.63514
2.62299
2.73472
2.54857
2.63504
2.57899
2.62838
2.70725
2.58435
2.68494
2.62877
2.50075
2.58361
2.50874
2.62071
2.68227
2.49751
2.81551
2.60441
2.52425
2.64044
2.71133
2.50668
2.61806
2.65801
2.5897
2.62503
2.67546
2.77105
2.66545
2.64257
2.53598
2.6472
2.69469
2.57281
2.5862
2.68581
2.56609
2.6483
2.6846
2.58854
2.5807
2.55205
2.51887
2.6395
2.53041
2.70126
2.68675
2.4713
2.51896
2.72412
2.55103
2.65439
2.65353
2.50774
2.65225
2.62286
2.73413
2.62638
2.64047
2.73109
2.59739
2.67372
2.72582
2.64651
2.70146
2.58043
2.64528
2.71123
2.62554
2.63273
2.67829
2.54004
2.58972
2.57438
2.52311
2.68309
2.59525
2.52749
2.71389
2.48009
2.59715
2.50332
2.52323
2.50065
2.57964
2.52004
2.55193
2.55537
2.47124
2.57597
2.48162
2.51557
2.49199
2.50124
2.4895
2.49266
2.37608
2.29122
2.31508
2.59105
2.82315
2.80611
2.70172
2.72709
2.65474
2.72622
2.75579
2.66601
2.74604
2.71047
2.59133
2.61245
2.73213
2.60582
2.65692
2.73421
2.60833
2.56323
2.75081
2.59983
2.66596
2.73741
2.59446
2.53217
2.56392
2.58777
2.6904
2.72799
2.66554
2.69876
2.60379
2.60868
2.58755
2.75197
2.82721
2.69663
2.70644
2.66
2.74938
2.78321
2.63659
2.73684
2.64323
2.60416
2.66707
2.73545
2.60273
2.65782
2.58591
2.60848
2.62555
2.72182
2.6329
2.74782
2.76132
2.6474
2.76014
2.65477
2.61217
2.63519
2.74731
2.61041
2.50796
2.58783
2.64954
2.61808
2.72417
2.81116
2.74325
2.73541
2.59063
2.7526
2.70014
2.56962
2.64235
2.74429
2.60906
2.64339
2.74243
2.62249
2.63217
2.73435
2.60277
2.74332
2.70176
2.59565
2.49002
2.70754
2.59555
2.62575
2.60751
2.61952
2.56116
2.58943
2.60751
2.57942
2.58369
2.5869
2.6544
2.62866
2.52478
2.54768
2.52817
2.52516
2.55338
2.62373
2.52889
2.5581
2.60066
2.54585
2.52267
2.54738
2.53499
2.518
2.36433
2.47208
2.59767
2.51653
2.56525
2.50436
2.56059
2.5142
2.41072
2.54409
2.53253
2.46893
2.53148
2.51434
2.56246
2.51508
2.4831
2.48561
2.51349
2.51285
2.57301
2.52001
2.55089
2.57406
2.48036
2.5445
2.50888
2.41285
2.51838
2.56268
2.51825
2.52261
-996.495
2.60554
2.40014
2.57565
2.7196
2.55126
2.65223
2.72858
2.59478
2.59562
2.66308
2.59609
2.62144
2.6656
2.78582
2.6681
2.68263
2.56512
2.61341
2.66088
2.5696
2.65057
2.71186
2.6331
2.54446
2.63919
2.58401
2.68237
2.72841
2.58665
2.55204
2.76537
2.51568
2.69333
2.58759
2.51953
2.65032
2.50183
2.3663
2.32002
2.52142
2.67992
2.72905
2.59089
2.7966
2.69632
2.57988
2.63937
2.69722
2.58718
2.66668
2.56569
2.52811
2.67272
2.60389
2.53324
2.60019
2.52283
2.6656
2.64487
2.5333
2.74351
2.71958
2.67796
2.60329
2.58162
2.59116
2.53109
2.6851
2.78164
2.66436
2.65779
2.59384
2.63057
2.66424
2.87874
2.72777
2.70424
2.55048
2.58654
2.68571
2.69999
2.61481
2.68757
2.56118
2.61938
2.52875
2.53768
2.51497
2.53722
2.51148
2.5107
2.51504
2.54201
2.8048
2.52936
2.52531
2.50542
2.73341
2.51234
2.5665
2.53549
2.53356
2.57909
2.51564
2.59533
2.5081
2.6595
2.64304
2.59598
2.56876
2.67582
2.57522
2.62738
2.55894
2.58129
2.52138
2.56241
2.52412
2.55061
2.49712
2.52377
2.55094
2.60445
2.56194
2.52481
2.59269
2.58361
2.6428
2.61573
2.58107
2.61494
2.57179
2.61006
2.57626
2.58579
2.61507
2.57376
2.502
2.54515
2.61571
2.60389
2.56844
2.56326
2.64883
2.69819
2.49728
2.68082
2.73061
2.58253
2.6918
2.71626
2.48501
2.5894
2.56028
2.51396
2.65183
2.51176
2.7951
2.68919
2.52586
2.79212
2.68327
2.53739
2.61791
2.59987
2.57521
2.66552
2.70199
2.555
2.66439
2.65914
2.58954
2.48563
2.50937
2.50076
2.63939
2.59434
2.50916
2.52669
2.50244
2.41525
2.62335
2.76658
2.56142
2.64642
2.55433
2.63846
2.70803
2.73057
2.62843
2.65141
2.64717
2.64063
2.71208
2.6378
2.65054
2.59747
2.51596
2.68296
2.73068
2.58483
2.6921
2.61308
2.49141
2.64812
2.59492
2.51414
2.65674
2.47028
2.51921
2.69264
2.56552
2.66916
2.65991
2.51654
2.52348
2.66028
2.57957
2.52183
2.52993
2.50238
2.51697
2.49986
2.4183
2.49797
2.57541
2.49939
2.48378
2.38403
2.28239
2.41165
2.3164
2.29699
2.29539
2.31007
2.29541
2.57678
2.61804
2.64391
2.74065
2.58763
2.58347
2.6235
2.56973
2.58233
2.61087
2.6355
2.59761
2.58474
2.57128
2.58102
2.63725
2.62036
2.57564
2.58852
2.58857
2.65094
2.60159
2.57108
2.79363
2.6493
2.57788
2.72038
2.61778
2.58797
2.62767
2.57284
2.57928
2.51306
2.64153
2.60977
2.51672
2.63869
2.55824
2.59631
2.60786
2.57289
2.57795
2.57612
2.59509
2.63088
2.54175
2.57793
2.58125
2.49823
2.55066
2.60188
2.52262
2.62513
2.61368
2.56202
2.78227
2.82658
2.6025
2.73373
2.80669
2.74422
2.76127
2.60021
2.55802
2.5652
2.68575
2.6123
2.58102
2.66047
2.57618
2.65897
2.5902
2.55995
2.60424
2.57364
2.58164
2.62942
2.58555
2.62553
2.55919
2.59414
2.5277
2.62684
2.69018
2.58883
2.66288
2.58834
2.57858
2.57674
2.67188
2.63131
2.69808
2.72269
2.72435
2.78204
2.61007
2.58735
2.65694
2.57656
2.66592
2.67153
2.56819
2.58379
2.6067
2.59137
2.63796
2.5812
2.58008
2.62802
2.54866
2.5811
2.54036
2.62176
2.53804
2.58549
2.55897
2.5619
2.58258
2.58301
2.6621
2.60689
2.70705
2.79444
2.73925
2.72609
2.70899
2.86514
2.61128
2.5921
2.64014
2.60974
2.56982
2.65663
2.58106
2.65555
2.6103
2.5819
2.57938
2.58428
2.64007
2.6135
2.5851
2.57609
2.58072
2.57225
2.52718
2.62459
2.61312
-996.505
2.57044
2.58421
2.57841
2.60552
2.59381
2.64573
2.60173
2.62462
2.60603
2.5869
2.69727
2.69047
2.60045
2.71493
2.65543
2.59293
2.65055
2.59767
2.60836
2.62769
2.60902
2.73489
2.76399
2.52787
2.57254
2.57166
2.58385
2.608
2.69941
2.60588
2.74976
2.64873
2.50109
2.64171
2.72561
2.88319
2.51586
2.64628
2.66178
2.63262
2.67079
2.86268
2.57733
2.64973
2.60184
2.6217
2.67134
2.784
2.6692
2.65934
2.60264
2.58763
2.70051
2.77161
2.6754
2.67037
2.57779
2.61672
2.69427
2.76211
2.53244
2.68434
2.78644
2.66515
2.66631
2.58483
2.75846
2.62308
2.53982
2.53031
2.55353
2.50249
2.70664
2.52993
2.51951
2.58154
2.52053
2.6097
2.63984
2.54533
2.57006
2.71648
2.53473
2.67074
2.68102
2.5653
2.61667
2.66535
2.56428
2.64861
2.72146
2.5502
2.62107
2.63385
2.58176
2.69347
2.72966
2.58433
2.67909
2.73669
2.58152
2.67503
2.56088
2.53556
2.67188
2.59881
2.50457
2.66181
2.5415
2.61576
2.62744
2.64321
2.43148
2.64426
2.66439
2.59382
2.68656
2.56107
2.69074
2.65468
2.72745
2.64216
2.73223
2.78623
2.6649
2.6514
2.60036
2.62735
2.66829
2.78348
2.66648
2.66111
2.5916
2.63702
2.54308
2.73933
2.51744
2.5625
2.53133
2.54388
2.56765
2.53718
2.71601
2.52535
2.63418
2.68163
2.52141
2.55156
2.68951
2.57057
2.66269
2.65372
2.52027
2.52436
2.66215
2.57556
2.65308
2.68018
2.58994
2.69138
2.71914
2.58867
2.68479
2.61909
2.50769
2.71515
2.59186
2.4921
2.55943
2.52463
2.82927
2.67931
2.51709
2.78882
2.69536
2.40143
2.67894
2.70278
2.55687
2.6521
2.69165
2.5665
2.66648
2.65103
2.52168
2.63284
2.63055
2.72989
2.57359
2.69836
2.73366
2.62538
2.65678
2.63628
2.54083
2.63443
2.58948
2.68928
2.72014
2.58667
2.68591
2.71423
2.6002
2.67728
2.55294
2.49791
2.56673
2.52992
2.61196
2.69627
2.5363
2.39914
2.50584
2.568
2.62924
2.64053
2.57284
2.54773
2.55983
2.50484
2.53595
2.49413
2.51062
2.49198
2.50558
2.4914
2.57995
2.4772
2.61647
2.49098
2.38845
2.32432
2.351
2.75443
2.62594
2.57545
2.67326
2.59366
2.52824
2.49873
2.54708
2.53277
2.60114
2.59896
2.60852
2.5897
2.56331
2.58556
2.65686
2.60325
2.58279
2.54664
2.57184
2.68852
2.65728
2.59023
2.59106
2.56852
2.58758
2.60962
2.57404
2.58918
2.59562
2.63621
2.60174
2.5744
2.66004
2.54422
2.62546
2.59529
2.57112
2.66596
2.57048
2.58653
2.62492
2.58801
2.62555
2.57277
2.57997
2.5231
2.63342
2.67617
2.58534
2.66818
2.59336
2.59113
2.64639
2.56544
2.60116
2.59339
2.55889
2.60401
2.5686
2.58422
2.62936
2.57953
2.76448
2.65607
2.5894
2.74828
2.65564
2.59194
2.62847
2.55708
2.58981
2.60761
2.57611
2.58041
2.52629
2.72796
2.494
2.63359
2.69139
2.57393
2.59004
2.59989
2.53599
2.62084
2.57152
2.66853
2.55481
2.5358
2.55211
2.52785
2.54129
2.52576
2.54503
2.54035
2.61812
2.60987
2.59273
2.60849
2.5747
2.66689
2.63217
2.56914
2.63286
2.5761
2.5536
2.50403
2.57789
2.76165
2.62937
2.63978
2.59049
2.58345
2.5309
2.54121
2.60567
2.51389
2.58579
2.51668
2.70741
2.75802
2.54852
2.5554
2.66169
2.5505
2.60515
2.64998
2.5403
2.59943
2.63797
2.58424
2.64797
2.65016
2.78931
2.54527
2.51911
2.53584
2.64049
2.69953
2.57918
2.68937
2.5492
2.50003
2.57074
2.49472
2.56706
2.63957
2.61737
2.44826
-996.448
2.63083
2.57687
2.75095
2.66364
2.67993
2.75006
2.80196
2.55769
2.72138
2.6373
2.74906
2.74678
2.66956
2.73755
2.71656
2.59679
2.60342
2.7355
2.58994
2.76001
2.68408
2.58703
2.5111
2.69564
2.60655
2.62933
2.71003
2.67392
2.63855
2.71294
2.63822
2.50666
2.64419
2.67754
2.58277
2.64601
2.61145
2.58092
2.66079
2.58675
2.64265
2.67878
2.57846
2.5838
2.64477
2.56777
2.63284
2.53661
2.4926
2.58559
2.61781
2.60115
2.59066
2.65403
2.50786
2.55282
2.60794
2.56518
2.60115
2.56249
2.67922
2.62621
2.58513
2.61007
2.58042
2.58042
2.61547
2.57464
2.57873
2.60057
2.62455
2.61296
2.70835
2.68198
2.74426
2.75625
2.65936
2.73872
2.69423
2.56701
2.60721
2.61788
2.6055
2.61269
2.55644
2.59561
2.58412
2.64249
2.61788
2.58697
2.65858
2.58308
2.65412
2.59693
2.57947
2.66131
2.57876
2.64628
2.60294
2.54692
2.61402
2.5412
2.61229
2.60518
2.59943
2.70944
2.74924
2.76485
2.67334
2.78981
2.76825
2.59853
2.63816
2.624
2.7103
2.98224
2.91345
2.63698
2.59617
2.76948
2.62274
2.60338
2.7742
2.59529
2.64293
2.74929
2.59601
2.48777
2.73025
2.57963
2.54796
2.59047
2.51701
2.61518
2.69683
2.55357
2.79318
2.67393
2.55244
2.56508
2.65228
2.60454
2.63474
2.67706
2.77429
2.51757
2.65127
2.58401
2.64382
2.71156
2.63657
2.50838
2.68546
2.57309
2.67306
2.57468
2.52785
2.6657
2.57116
2.53382
2.65629
2.50864
2.81237
2.6759
2.50221
2.81965
2.68405
2.5274
2.62688
2.64034
2.52971
2.67022
2.71861
2.52577
2.55804
2.64328
2.57029
2.64428
2.62384
2.57591
2.53364
2.54918
2.5355
2.67762
2.51006
2.50702
2.61066
2.54288
2.66222
2.68545
2.5681
2.66808
2.58561
2.5872
2.58592
2.69554
2.71405
2.63865
2.63538
2.72677
2.63859
2.64172
2.63537
2.64377
2.52068
2.51829
2.55769
2.56122
2.52207
2.45929
2.29473
2.63213
2.64375
2.64175
2.63129
2.62153
2.59259
2.50385
2.54708
2.50252
2.51691
2.48572
2.51382
2.49381
2.50439
2.49232
2.48305
2.48572
2.54191
2.50243
2.41293
2.51657
2.56328
2.7576
2.67887
2.64258
2.64077
2.71918
2.56124
2.66418
2.67722
2.57658
2.65387
2.69144
2.57565
2.63172
2.50423
2.5178
2.71293
2.53109
2.57529
2.65713
2.66286
2.56942
2.64191
2.55296
2.72578
2.70018
2.55157
2.66401
2.71921
2.53669
2.6702
2.66525
2.58594
2.59616
2.67395
2.56474
2.64455
2.72576
2.559
2.77989
2.7363
2.55491
2.6545
2.69042
2.65375
2.65222
2.71766
2.54849
2.65487
2.67943
2.58952
2.66249
2.68605
2.57275
2.67584
2.54714
2.50449
2.82232
2.54485
2.52225
2.66456
2.52013
2.55912
2.63951
2.53046
2.67095
2.73678
2.59347
2.53106
2.50493
2.71955
2.63729
2.52226
2.53357
2.67868
2.55801
2.5239
2.68356
2.55333
2.51835
2.65077
2.40793
2.67197
2.66241
2.58753
2.58982
2.64567
2.53236
2.62514
2.64324
2.41858
2.67763
2.55251
2.5114
2.69703
2.60073
2.51071
2.65724
2.44803
2.54308
2.7037
2.55567
2.67776
2.64095
2.52391
2.4996
2.49958
2.495
2.72014
2.58942
2.50362
2.52307
2.48642
2.65963
2.68322
2.54128
2.61324
2.66371
2.5844
2.60083
2.6889
2.55907
2.65357
2.70388
2.64303
2.63756
2.71603
2.64177
2.60569
2.65325
2.58126
2.63945
2.70135
2.5807
2.56727
2.56469
2.52237
2.62786
2.51605
2.56562
2.64225
2.55485
2.72797
2.71447
2.53522
2.6652
2.7156
2.62001
2.58338
-996.353
2.53254
2.65092
2.69854
2.56267
2.52593
2.65614
2.59115
2.67988
2.54947
2.49041
2.72535
2.54729
2.55815
2.65577
2.48551
2.58775
2.61143
2.56734
2.66558
2.67168
2.58321
2.61257
2.65246
2.57642
2.65008
2.69249
2.7298
2.63292
2.63426
2.73068
2.63799
2.70993
2.56606
2.64445
2.7202
2.63421
2.64218
2.72118
2.63561
2.66025
2.69241
2.73057
2.58942
2.67267
2.73754
2.65064
2.59507
2.58952
2.64655
2.7058
2.56194
2.62476
2.73076
2.57464
2.64752
2.57922
2.50588
2.70281
2.56051
2.51699
2.72739
2.48358
2.59337
2.64461
2.53721
2.6612
2.70432
2.55989
2.65238
2.6394
2.54681
2.61757
2.65585
2.64436
2.64515
2.70803
2.71933
2.63722
2.72903
2.54787
2.5281
2.65428
2.58553
2.71518
2.69359
2.51387
2.69144
2.52636
2.52894
2.69676
2.50938
2.51401
2.50229
2.57343
2.66126
2.66128
2.60707
2.63912
2.64091
2.78306
2.66368
2.65406
2.52182
2.6411
2.63662
2.63401
2.62679
2.65473
2.56913
2.64666
2.68977
2.57697
2.67648
2.56568
2.50927
2.70566
2.5449
2.54584
2.66635
2.52669
2.63036
2.63815
2.52477
2.67976
2.67188
2.59456
2.65159
2.65122
2.52036
2.63809
2.64341
2.5638
2.63895
2.70103
2.57989
2.63488
2.7039
2.58379
2.68841
2.72667
2.5834
2.68326
2.73553
2.50282
2.70071
2.51287
2.50875
2.50803
2.51036
2.48991
2.63567
2.60884
2.72967
2.63598
2.53713
2.63866
2.63562
2.56578
2.66294
2.68756
2.56835
2.64985
2.55844
2.48636
2.66206
2.55546
2.57289
2.7117
2.52653
2.62349
2.61594
2.5224
2.71504
2.691
2.55478
2.64009
2.66861
2.53708
2.59949
2.66951
2.56889
2.63045
2.64238
2.57298
2.64628
2.59144
2.49713
2.57831
2.51137
2.62417
2.60541
2.52436
2.54816
2.71987
2.51074
2.69669
2.65864
2.60545
2.60952
2.66799
2.54566
2.6377
2.64342
2.56405
2.60004
2.56577
2.50414
2.56319
2.51146
2.70107
2.68675
2.51587
2.63765
2.64085
2.53873
2.66125
2.70478
2.55341
2.51944
2.56229
2.51222
2.48334
2.54036
2.46326
2.51272
2.46489
2.45667
2.4677
2.52996
2.48106
2.51742
2.5485
2.44972
2.46577
2.67878
2.66095
2.51114
2.63816
2.64798
2.54927
2.62658
2.64269
2.58324
2.6863
2.72031
2.51534
2.65075
2.56385
2.51759
2.62662
2.53815
2.78595
2.66756
2.48399
2.76153
2.48894
2.52994
2.66096
2.70109
2.5534
2.67171
2.64274
2.52917
2.49757
2.49875
2.47319
2.66943
2.54901
2.54908
2.65516
2.52013
2.80321
2.67675
2.50288
2.65697
2.65283
2.51357
2.67744
2.67506
2.5759
2.66983
2.64884
2.51965
2.63819
2.59524
2.45665
2.67402
2.56589
2.49984
2.71059
2.58877
2.51308
2.65375
2.45852
2.53698
2.69251
2.55495
2.5981
2.60739
2.5683
2.63213
2.52872
2.49893
2.58826
2.5183
2.54408
2.66763
2.51998
2.49859
2.68261
2.51873
2.69817
2.65958
2.58865
2.62197
2.67154
2.55085
2.62523
2.64792
2.56885
2.62491
2.61756
2.50939
2.68987
2.5928
2.50877
2.65721
2.5174
2.57002
2.64881
2.54648
2.72459
2.69875
2.55372
2.66631
2.70284
2.55294
2.66344
2.65766
2.59279
2.45829
2.53641
2.48385
2.65761
2.58904
2.48572
2.64838
2.50948
2.60764
2.638
2.53819
2.6596
2.69025
2.5722
2.66842
2.54598
2.55051
2.62905
2.61581
2.59296
2.64362
2.69967
2.47062
2.63111
2.5892
2.51575
2.65003
2.507
2.54901
2.67423
2.53092
2.65341
2.65484
2.53374
2.59864
2.60661
2.55525
2.62921
2.53031
2.51258
2.57572
2.49987
2.61612
-996.385
2.53514
2.53923
2.71485
2.52637
2.68286
2.65566
2.59605
2.59876
2.69251
2.5468
2.63823
2.61568
2.51268
2.68777
2.73329
2.57944
2.65289
2.58943
2.51168
2.68729
2.55579
2.55007
2.65952
2.43071
2.65425
2.69262
2.58658
2.71628
2.69442
2.54802
2.67198
2.71269
2.54096
2.53379
2.56323
2.59325
2.63417
2.62115
2.50823
2.53103
2.54229
2.56473
2.7232
2.54407
2.69575
2.68674
2.5208
2.62986
2.5954
2.59674
2.73212
2.6933
2.54936
2.59432
2.66644
2.5846
2.61231
2.66244
2.56592
2.64447
2.63371
2.56277
2.61831
2.73046
2.57798
2.5494
2.55602
2.5009
2.68022
2.5216
2.41125
2.66912
2.57711
2.66455
2.6556
2.59838
2.6332
2.53877
2.58555
2.50526
2.48566
2.53167
2.68747
2.51022
2.53817
2.58426
2.54388
2.66835
2.70549
2.55023
2.66638
2.65515
2.5196
2.585
2.69593
2.63685
2.64026
2.60732
2.58548
2.50317
2.5879
2.50539
2.70382
2.5312
2.62228
2.68573
2.50638
2.64941
2.6516
2.52518
2.529
2.49831
2.57274
2.64253
2.62528
2.5793
2.53837
2.56876
2.50833
2.67721
2.53096
2.7022
2.68596
2.52474
2.62981
2.58331
2.59866
2.65394
2.65299
2.60613
2.66827
2.67865
2.57139
2.6049
2.66121
2.57813
2.64216
2.7097
2.72198
2.62754
2.62886
2.73732
2.63619
2.64272
2.71798
2.64303
2.64588
2.55679
2.5156
2.56745
2.51526
2.69144
2.54851
2.55377
2.52526
2.50136
2.71579
2.69724
2.54769
2.67128
2.71318
2.53893
2.67695
2.50902
2.58082
2.64152
2.7143
2.64354
2.6278
2.63669
2.50193
2.68259
2.71713
2.59412
2.68541
2.72326
2.59017
2.68191
2.7283
2.58463
2.68799
2.72334
2.51646
2.66798
2.5652
2.52507
2.54284
2.50085
2.50179
2.54737
2.52871
2.63181
2.53595
2.51771
2.68924
2.72548
2.58384
2.67896
2.55468
2.50976
2.69702
2.55059
2.54969
2.66713
2.52481
2.63028
2.66486
2.52117
2.64758
2.62943
2.55441
2.64
2.65869
2.77646
2.52474
2.6855
2.55317
2.64443
2.69774
2.58807
2.5197
2.55089
2.50586
2.55951
2.50659
2.42183
2.52464
2.54301
2.47678
2.52966
2.46851
2.52672
2.49206
2.42989
2.53651
2.53761
2.5064
2.49594
2.49452
2.50196
2.48883
2.54914
2.68024
2.53682
2.72817
2.71951
2.5241
2.592
2.64026
2.53906
2.63489
2.64609
2.64031
2.54302
2.6393
2.58157
2.68404
2.71969
2.50868
2.55919
2.52378
2.60168
2.691
2.53582
2.57122
2.63411
2.50636
2.66671
2.71864
2.53874
2.53028
2.65331
2.57923
2.5165
2.68054
2.56971
2.68119
2.74669
2.56763
2.68093
2.55598
2.50868
2.69102
2.56035
2.55221
2.54711
2.52913
2.5776
2.69246
2.56226
2.67145
2.66559
2.57356
2.61419
2.67363
2.5543
2.63706
2.63259
2.49261
2.68964
2.74338
2.56508
2.68356
2.74851
2.56008
2.69856
2.73788
2.56874
2.68201
2.55477
2.51999
2.68817
2.55236
2.54074
2.67123
2.54292
2.61187
2.6031
2.57375
2.66378
2.68324
2.57009
2.66773
2.66941
2.5922
2.63047
2.64225
2.56166
2.64874
2.70442
2.72092
2.6328
2.63992
2.72507
2.6369
2.64142
2.6399
2.63158
2.62211
2.5898
2.64377
2.70663
2.56402
2.66173
2.58239
2.52855
2.67781
2.55312
2.55006
2.66084
2.51728
2.63988
2.66118
2.53256
2.70568
2.67609
2.58952
2.67517
2.6966
2.55348
2.66844
2.65113
2.52888
2.63694
2.72397
2.5558
2.64637
2.6164
2.56838
2.60774
2.55972
2.52418
2.68315
2.55212
2.53891
2.59278
2.52374
2.63812
2.6983
2.54158
2.54223
2.53814
-996.466
2.50108
2.589
2.50188
2.69437
2.55417
2.5709
2.72354
2.52416
2.7085
2.68598
2.52365
2.62925
2.65958
2.53583
2.73062
2.68649
2.56607
2.58254
2.64526
2.53511
2.63111
2.64432
2.63977
2.52159
2.66612
2.57664
2.69218
2.7319
2.57308
2.69659
2.54576
2.50587
2.69728
2.55365
2.56779
2.58908
2.48515
2.51412
2.65866
2.57022
2.63743
2.65453
2.54571
2.54376
2.65424
2.57486
2.68126
2.74034
2.57462
2.67552
2.56643
2.50687
2.70489
2.54213
2.57175
2.60885
2.51891
2.66489
2.64626
2.53222
2.66583
2.71136
2.54057
2.66905
2.64554
2.52808
2.50806
2.56794
2.48401
2.65247
2.59004
2.5061
2.53641
2.50264
2.77675
2.5815
2.51676
2.67217
2.70168
2.55135
2.66692
2.64847
2.51835
2.64288
2.64059
2.63836
2.63118
2.52065
2.51745
2.63575
2.62476
2.49859
2.63121
2.52404
2.54315
2.66203
2.52235
2.66009
2.64685
2.53183
2.51851
2.67022
2.7406
2.65369
2.7028
2.55713
2.63793
2.54626
2.58308
2.68254
2.73677
2.5752
2.69427
2.726
2.57843
2.68574
2.74155
2.57231
2.67974
2.55698
2.50579
2.70418
2.54834
2.55531
2.6562
2.51973
2.63727
2.65082
2.52045
2.66948
2.70821
2.55526
2.65019
2.6406
2.53833
2.63642
2.64721
2.63321
2.5322
2.66909
2.5675
2.68446
2.74247
2.57368
2.6893
2.54613
2.4945
2.70378
2.55501
2.57338
2.72243
2.49925
2.48872
2.68984
2.57772
2.66249
2.68855
2.53714
2.69587
2.63909
2.53416
2.62758
2.65284
2.71529
2.6383
2.63476
2.72567
2.63245
2.63788
2.73543
2.58734
2.68713
2.71646
2.6271
2.65141
2.64363
2.52293
2.6728
2.56684
2.68269
2.55647
2.50484
2.5657
2.50602
2.41839
2.65706
2.58466
2.65307
2.65212
2.51706
2.63654
2.64996
2.64079
2.64735
2.59901
2.51731
2.6897
2.74066
2.56815
2.71012
2.71457
2.57287
2.68473
2.73515
2.57796
2.69161
2.73483
2.57168
2.64471
2.51989
2.50177
2.6165
2.53419
2.77691
2.6929
2.48136
2.42488
2.65419
2.53209
2.52237
2.56108
2.51876
2.55431
2.56742
2.48732
2.54538
2.47857
2.52052
2.48498
2.51358
2.4835
2.5058
2.50905
2.50991
2.49965
2.33849
2.559
2.59285
2.52651
2.55099
2.50171
2.57239
2.48818
2.42579
2.44231
2.48081
2.48204
2.51359
2.47502
2.53212
2.48147
2.43588
2.48075
2.51797
2.45704
2.57442
2.47652
2.57026
2.47576
2.44214
2.48623
2.51425
2.47114
2.55737
2.50633
2.54227
2.47358
2.52125
2.4805
2.51872
2.47284
2.52243
2.47762
2.53591
2.48044
2.35411
2.48059
2.5169
2.55071
2.55656
2.46795
2.5809
2.47368
2.44314
2.48203
2.5172
2.46977
2.55915
2.47979
2.56904
2.47682
2.44117
2.48454
2.51417
2.45187
2.58038
2.49647
2.54987
2.47911
2.43936
2.464
2.45851
2.54817
2.55752
2.47721
2.57126
2.47578
2.44257
2.48309
2.5148
2.48893
2.54239
2.47831
2.56525
2.49788
2.34864
2.47815
2.51993
2.54993
2.55649
2.4771
2.56984
2.47533
2.44882
2.47635
2.51699
2.48852
2.54247
2.47966
2.56361
2.47806
2.44499
2.48311
2.51493
2.4849
2.54274
2.4672
2.58019
2.48756
2.43377
2.48247
2.51602
2.50291
2.57009
2.47101
2.53501
2.47493
2.44232
2.47937
2.52095
2.48067
2.54529
2.47166
2.57686
2.4764
