2.35263
2.30746
2.27566
2.33101
2.24772
2.33121
2.35858
2.41655
2.42956
2.42081
2.40482
2.51141
2.4899
2.49767
2.43092
2.50046
2.53152
2.54537
2.60673
2.54299
2.51463
2.55105
2.51927
2.62776
2.55137
2.62872
2.74176
2.46655
2.52663
2.65601
2.54347
2.64709
2.65682
2.58612
2.66827
2.66124
2.59303
2.66105
2.64061
2.54083
2.63405
2.57167
2.55196
2.61492
2.6656
2.50922
2.66012
2.554
2.63355
2.73185
2.38959
2.61416
2.75282
2.52605
2.63696
2.67071
2.52755
2.7284
2.65688
2.59793
2.65761
2.60587
2.57089
2.63717
2.63945
2.56011
2.63776
2.48696
2.48565
2.67803
2.54886
2.63031
2.75931
2.52847
2.60174
2.69447
2.52962
2.62798
2.75947
2.52418
2.51687
2.65491
2.58477
2.63582
2.6325
2.54329
2.65033
2.70194
2.56551
2.64504
2.64085
2.55711
2.6358
2.62916
2.43454
2.65835
2.38753
2.53862
2.651
2.55158
2.72694
2.66024
2.58892
2.4428
2.47764
2.52083
2.48077
2.51779
2.3925
2.48573
2.52014
2.48664
2.49605
2.47898
2.53763
2.47201
2.44573
2.47286
2.52026
2.51047
2.55004
2.48344
2.54033
2.45775
2.45744
2.4817
2.51594
2.4708
2.55465
2.47985
2.62602
2.5529
2.47705
2.73772
2.54875
2.69205
2.75288
2.53968
2.61484
2.60235
2.57295
2.66595
2.65737
2.60663
2.65743
2.57394
2.60746
2.64454
2.69242
2.57941
2.64509
2.59756
2.51962
2.68016
2.67619
2.51348
2.66034
2.54347
2.61256
2.75606
2.46623
2.53167
2.76054
2.51816
2.72392
2.68745
2.53149
2.61939
2.6603
2.61034
2.73069
2.68149
2.56418
2.67061
2.52282
2.57503
2.6435
2.59084
2.5277
2.64752
2.6333
2.5032
2.66881
2.54496
2.64082
2.72726
2.40126
2.59958
2.7651
2.5386
2.59426
2.64705
2.5636
2.73258
2.63236
2.5359
2.5997
2.63
2.77133
2.66605
2.64761
2.62269
2.63199
2.61484
2.57397
2.63974
2.49961
2.51598
2.64648
2.539
2.63697
2.603
2.43202
2.70289
2.76111
2.55591
2.59931
2.5625
2.53084
2.52565
2.56783
2.48505
2.49841
2.53527
2.60074
2.77034
2.54853
2.60509
2.69833
2.52298
2.53785
2.65861
2.5357
2.72935
2.64919
2.60039
2.66626
2.65889
2.59458
2.66793
2.66319
2.59915
2.64567
-996.375
2.5648
2.49684
2.61016
2.51705
2.66168
2.55178
2.60067
2.68493
2.49864
2.44668
2.39891
2.51034
2.47963
2.62704
2.46753
2.49614
2.35624
2.63376
2.65388
2.59713
2.66637
2.63845
2.53628
2.6189
2.67826
2.77373
2.67388
2.63703
2.54476
2.64342
2.68228
2.59086
2.65864
2.72781
2.53444
2.62285
2.55946
2.53476
2.6447
2.55177
2.62925
2.74095
2.39467
2.50492
2.63774
2.55364
2.67059
2.65895
2.59109
2.66895
2.66721
2.59498
2.65049
2.61299
2.56709
2.61812
2.6362
2.58898
2.64805
2.62779
2.54088
2.59024
2.59184
2.52069
2.69148
2.53743
2.61641
2.76672
2.53256
2.70677
2.75797
2.53456
2.62056
2.51222
2.4488
2.20941
2.20741
2.25512
2.26776
2.203
2.2122
2.23687
2.24972
2.22592
2.20581
2.17027
2.21126
2.15688
2.15408
2.16603
2.08978
2.10326
2.08067
2.15905
2.07437
2.07732
2.08299
2.08579
2.07262
2.0774
2.06777
2.04858
2.06214
2.05428
2.04938
2.04995
2.10706
2.08409
2.07574
2.08173
2.08314
2.07713
2.0728
2.08671
2.0652
2.07245
2.068
2.04918
2.04893
2.04923
2.08923
2.07956
2.07595
2.07649
2.0814
2.08284
2.08204
2.06667
2.09288
2.04732
2.05289
2.04245
2.0652
2.05578
2.09304
2.08334
2.07668
2.08252
2.07513
2.10264
2.05742
2.07152
2.08733
2.04846
2.04687
2.05083
2.06661
2.04965
2.18308
2.0773
2.0765
2.08119
2.08394
2.0658
2.09581
2.07597
2.05234
2.04635
2.04902
2.07526
2.05446
2.13643
2.1053
2.08232
2.08413
2.06961
2.07905
2.0696
2.09892
2.09813
2.05767
2.052
2.04886
2.1823
2.07667
2.07591
2.08839
2.08584
2.07387
2.06674
2.08109
2.05738
2.04915
2.04585
2.06218
2.05963
2.17668
2.07609
2.0812
2.07833
2.08156
2.07292
2.08583
2.06782
2.08903
2.05277
2.04634
2.08361
2.18352
2.07659
2.07558
2.08378
2.08642
2.15363
2.11879
2.18063
2.25039
2.15981
2.24057
2.21155
2.22172
2.68163
2.73956
2.72004
2.61679
2.58031
2.65458
2.69174
2.73943
2.65441
2.60063
2.73408
2.69569
2.55523
2.6139
2.53535
2.61163
2.48481
2.47585
2.49224
2.54612
2.38361
2.28909
2.3701
2.35282
2.36534
2.42007
2.39919
2.46564
2.46777
2.53593
2.50652
2.4907
2.52391
2.55358
2.55466
2.54196
2.58937
2.56547
2.57569
2.47449
2.57964
2.52546
2.72894
2.75814
2.52719
2.71125
2.74023
2.54231
2.49875
2.54561
2.59516
2.53454
2.56552
2.59548
2.55032
2.64874
2.53503
2.57949
2.5876
2.47858
2.5729
2.35025
2.20345
2.5323
2.43208
2.49115
2.47125
2.52835
2.48209
2.51621
2.47791
2.52637
2.46934
2.52937
2.46119
2.5331
2.49548
2.58325
2.50505
2.4987
2.47884
2.53087
2.49904
2.49504
2.50839
2.56764
2.49604
2.6091
2.5152
2.66456
2.55869
2.48619
2.7256
2.52835
2.62766
2.76104
2.53498
2.622
2.66228
2.5323
2.7207
2.66081
2.59181
2.49076
2.5609
2.63191
2.6434
2.59534
2.52782
2.57104
2.58668
2.5502
2.74824
2.5419
2.51251
2.69645
2.53535
2.70525
2.75849
2.52539
2.63342
2.66891
2.50674
2.66148
2.64817
2.61778
2.65522
2.65341
2.50102
2.61518
2.59217
2.57538
2.64171
2.64023
2.50053
2.52491
2.49116
2.56625
2.68704
2.51751
2.508
2.4754
2.52474
2.66242
2.55278
2.52867
2.62968
2.53542
2.61935
2.76656
2.54125
2.61187
2.68015
2.5407
2.49895
2.63257
2.57591
2.5308
2.60603
2.79821
2.64886
2.53411
2.56882
2.64706
2.58306
2.53094
2.68186
2.66596
2.44963
2.64846
2.41481
2.57192
2.69757
2.55597
2.6023
2.64167
2.53915
2.65535
2.63593
2.54385
2.63074
2.56082
2.56958
2.63545
2.63734
2.52047
2.53905
2.44615
2.59292
2.76061
2.53467
2.70319
2.75355
2.52602
2.63053
2.65855
2.55423
2.71215
2.64196
2.55136
2.72588
-996.364
2.54009
2.64049
2.63177
2.58024
2.61264
2.51742
2.52581
2.70889
2.54382
2.549
2.73333
2.55884
2.61108
2.68235
2.52692
2.63195
2.62676
2.55586
2.65398
2.64465
2.52315
2.67169
2.64519
2.61025
2.65362
2.64206
2.69883
2.62972
2.62069
2.51303
2.62868
2.56638
2.54043
2.63052
2.55243
2.61715
2.67842
2.51422
2.42249
2.63907
2.59349
2.56367
2.49572
2.46866
2.50336
2.57266
2.48375
2.52201
2.52921
2.59571
2.65001
2.53006
2.51009
2.48028
2.44567
2.40529
2.51176
2.62319
2.76524
2.52523
2.71105
2.62491
2.48942
2.72104
2.66632
2.58634
2.53312
2.51798
2.71824
2.64109
2.59241
2.52776
2.64416
2.62573
2.52851
2.6497
2.54749
2.62462
2.74903
2.4651
2.60733
2.76124
2.50883
2.57011
2.64947
2.52354
2.66844
2.6376
2.53926
2.63092
2.6388
2.57942
2.63973
2.63897
2.55568
2.6492
2.64147
2.50965
2.66922
2.60945
2.52319
2.68347
2.52611
2.55617
2.75983
2.53571
2.58912
2.61479
2.59099
2.53094
2.51296
2.56234
2.65691
2.56949
2.50916
2.50688
2.50512
2.54928
2.75576
2.51167
2.72982
2.75799
2.5395
2.60962
2.64054
2.5734
2.71617
2.65213
2.59509
2.66632
2.63628
2.53856
2.61744
2.65493
2.56793
2.64623
2.59768
2.52424
2.58817
2.57015
2.56259
2.73629
2.45819
2.60209
2.69422
2.53702
2.70183
2.74996
2.54591
2.60867
2.67396
2.52318
2.73206
2.65117
2.51933
2.53321
2.55726
2.59431
2.48911
2.51625
2.53906
2.6058
2.48838
2.52254
2.59309
2.55368
2.66619
2.64656
2.53316
2.64243
2.68362
2.51098
2.65316
2.55946
2.5309
2.74886
2.63632
2.54688
2.6916
2.55647
2.5286
2.68341
2.53822
2.50168
2.70399
2.64171
2.65666
2.58212
2.64041
2.68719
2.69316
2.61613
2.61796
2.59169
2.6458
2.59873
2.56676
2.59225
2.59407
2.5862
2.65986
2.52495
2.65208
2.60424
2.61901
2.55937
2.54412
2.64608
2.58276
2.58103
2.54583
2.5566
2.60863
2.526
2.5946
2.55016
2.68445
2.56474
2.54189
2.66661
2.60351
2.62736
2.60464
2.55327
2.60801
2.58699
2.64207
2.66446
2.48512
2.71841
2.66221
2.53647
2.64498
2.63457
2.51523
2.49112
2.57045
2.47688
2.48692
2.51409
2.49036
2.59064
2.55616
2.66822
2.50151
2.40278
2.29394
2.24991
2.29489
2.49242
2.48874
2.52503
2.47255
2.52605
2.48974
2.50401
2.47755
2.49699
2.4946
2.52734
2.4721
2.43244
2.64393
2.53671
2.53095
2.57388
2.57664
2.50965
2.60923
2.50478
2.67354
2.54727
2.63798
2.64823
2.50465
2.65823
2.75942
2.48514
2.67542
2.66027
2.53026
2.72645
2.52286
2.56933
2.51557
2.49161
2.49147
2.49786
2.51451
2.6281
2.76097
2.52345
2.63805
2.62223
2.48998
2.71852
2.65343
2.54907
2.64159
2.5085
2.51351
2.63093
2.57297
2.51095
2.67396
2.61137
2.52421
2.61204
2.52661
2.62361
2.76321
2.52609
2.71338
2.75785
2.51499
2.72698
2.75
2.5229
2.64062
2.61772
2.48683
2.65322
2.63698
2.54277
2.65183
2.70222
2.55999
2.64655
2.60601
2.51722
2.59043
2.56669
2.44982
2.54871
2.52741
2.68696
2.64606
2.55631
2.58497
2.52575
2.77371
2.67111
2.64216
2.52986
2.6465
2.60433
2.43878
2.68352
2.66985
2.52136
2.63171
2.5703
2.62827
2.74983
2.53818
2.45515
2.76068
2.52463
2.49179
2.63266
2.53063
2.63568
2.59187
2.52412
2.60831
2.59171
2.50948
2.65592
2.61458
2.55377
2.58194
2.48901
2.51894
2.63609
2.53564
2.65191
2.51801
2.49785
2.65809
2.55956
2.51426
2.64664
2.54654
2.62148
2.67303
-996.474
2.54643
2.76446
2.52315
2.71865
2.75723
2.54017
2.69904
2.75871
2.52607
2.62475
2.61308
2.56392
2.66787
2.63935
2.54612
2.7312
2.56529
2.53893
2.64675
2.48635
2.54554
2.68423
2.55425
2.45953
2.67141
2.53334
2.50155
2.68138
2.55044
2.60189
2.532
2.77123
2.6693
2.63981
2.53355
2.50561
2.55719
2.51639
2.49604
2.51239
2.4186
2.50653
2.54215
2.66197
2.62513
2.57757
2.61367
2.51675
2.52312
2.63694
2.54483
2.69479
2.47677
2.34884
2.68927
2.52586
2.56998
2.65774
2.6283
2.56191
2.66529
2.56188
2.53457
2.54193
2.53267
2.61147
2.7593
2.47313
2.48882
2.64278
2.53598
2.70124
2.63949
2.53003
2.67558
2.646
2.52446
2.49767
2.51703
2.49397
2.61619
2.55679
2.46249
2.66225
2.51672
2.5164
2.51061
2.56031
2.64864
2.60878
2.58487
2.64566
2.63066
2.51892
2.6245
2.5785
2.61867
2.75774
2.4599
2.52785
2.77072
2.47807
2.67133
2.65629
2.52125
2.66417
2.66255
2.5957
2.66471
2.64217
2.53327
2.63125
2.53496
2.51404
2.6755
2.61068
2.51081
2.65441
2.55138
2.61011
2.68328
2.53051
2.54313
2.66511
2.52285
2.73362
2.60726
2.5651
2.7479
2.64921
2.60217
2.50818
2.48985
2.52094
2.55866
2.52729
2.59594
2.69892
2.5097
2.52398
2.62594
2.54765
2.70941
2.64593
2.52327
2.51186
2.52677
2.57221
2.65064
2.63043
2.52018
2.65429
2.53567
2.3958
2.74364
2.55497
2.68859
2.75389
2.5109
2.72016
2.76898
2.52288
2.71535
2.75839
2.53077
2.62728
2.64094
2.53254
2.66535
2.63115
2.54526
2.61427
2.63679
2.59725
2.64257
2.58389
2.53302
2.55099
2.52284
2.47629
2.74071
2.55007
2.59914
2.62886
2.504
2.71205
2.65323
2.53567
2.64905
2.63106
2.55312
2.6727
2.66877
2.5763
2.63823
2.59316
2.53033
2.59672
2.5593
2.78103
2.67633
2.53897
2.61561
2.67033
2.55854
2.6088
2.6723
2.54091
2.62771
2.64726
2.65941
2.78952
2.75778
2.60425
2.62009
2.78562
2.57988
2.5491
2.73619
2.61899
2.70305
2.6231
2.59099
2.70261
2.75647
2.62668
2.76765
2.84619
2.72975
2.58333
2.77808
2.63478
2.60138
2.74577
2.65225
2.60101
2.74064
2.65562
2.5739
2.63363
2.57902
2.50628
2.61302
2.5942
2.60704
2.48179
2.46956
2.30346
2.65658
2.70382
2.72767
2.62752
2.65432
2.62439
2.63235
2.61654
2.72628
2.65048
2.58971
2.62342
2.6106
2.60555
2.84666
2.62115
2.62633
2.74535
2.75773
2.67532
2.70115
2.63806
2.53343
2.66581
2.55335
2.47164
2.59971
2.50179
2.71687
2.66552
2.53017
2.72283
2.51614
2.51018
2.65223
2.66925
2.59464
2.52008
2.57869
2.50675
2.68228
2.54619
2.53144
2.68499
2.50296
2.56887
2.65399
2.5221
2.66483
2.64219
2.52615
2.43655
2.54827
2.50581
2.65095
2.55217
2.54196
2.66825
2.53174
2.63006
2.76246
2.53194
2.70527
2.75029
2.51821
2.72217
2.76674
2.5195
2.63291
2.62645
2.46566
2.53728
2.55955
2.59405
2.50757
2.5928
2.4561
2.71863
2.55626
2.6145
2.67192
2.51234
2.55226
2.65656
2.53186
2.6673
2.65664
2.61031
2.57303
2.59577
2.58577
2.64332
2.58583
2.53147
2.68177
2.6731
2.53273
2.64618
2.53794
2.51638
2.69408
2.48853
2.59097
2.65054
2.52736
2.66007
2.61971
2.56464
2.64101
2.62394
2.57841
2.63678
2.59394
2.50493
2.4991
2.51337
2.5256
2.69389
2.52494
2.63074
2.59262
2.51488
2.65202
2.63722
2.5487
2.63739
2.69385
2.58599
2.64469
2.60892
2.57892
2.63034
2.66248
2.50369
2.65463
-996.449
2.53066
2.681
2.52327
2.62705
2.68967
2.52925
2.62763
2.65178
2.53616
2.65476
2.52077
2.49004
2.49818
2.50571
2.4825
2.52446
2.53028
2.54921
2.51082
2.56426
2.50084
2.52631
2.51024
2.50838
2.42234
2.6645
2.75127
2.51664
2.64549
2.6461
2.52919
2.66415
2.64254
2.52969
2.64469
2.61681
2.58789
2.63948
2.48728
2.492
2.66772
2.55228
2.48081
2.72625
2.50396
2.66233
2.76114
2.53893
2.69915
2.75768
2.52566
2.62815
2.66034
2.53547
2.72933
2.5233
2.49321
2.66426
2.67689
2.57911
2.63569
2.60862
2.51871
2.54677
2.52907
2.47024
2.61232
2.50643
2.59449
2.55785
2.56473
2.50545
2.47523
2.50481
2.64837
2.5487
2.3348
2.22405
2.29373
2.23654
2.23702
2.21733
2.40066
2.30117
2.21372
2.20155
2.26539
2.23592
2.21831
2.16192
2.2899
2.14967
2.16132
2.16136
2.09483
2.08906
2.07575
2.07497
2.18036
2.07539
2.07672
2.08209
2.07598
2.08696
2.06584
2.08453
2.06043
2.05161
2.06058
2.05153
2.04722
2.08993
2.08642
2.08509
2.06725
2.08162
2.07844
2.08512
2.06924
2.08427
2.07141
2.05577
2.06056
2.0617
2.19898
2.07612
2.08207
2.07158
2.08739
2.07437
2.08472
2.06663
2.10397
2.05042
2.04297
2.06507
2.19328
2.07783
2.08065
2.07816
2.07957
2.08189
2.0761
2.08578
2.04686
2.0576
2.04545
2.05299
2.0607
2.29157
2.5444
2.45159
2.38968
2.34875
2.46211
2.38923
2.5346
2.40196
2.43714
2.35759
2.33236
2.42822
2.40252
2.43579
2.55136
2.51646
2.72662
2.73162
2.51536
2.47301
2.76375
2.55396
2.68485
2.62471
2.51406
2.67916
2.54248
2.58313
2.51209
2.41624
2.50069
2.57018
2.52061
2.59095
2.64785
2.52258
2.68483
2.54356
2.56534
2.59495
2.41782
2.50415
2.55398
2.60417
2.48186
2.518
2.50953
2.56581
2.521
2.5535
2.51779
2.53432
2.52017
2.57853
2.46506
2.51268
2.7101
2.53909
2.61211
2.51609
2.57566
2.51395
2.47172
2.63266
2.58946
2.67633
2.59501
2.61885
2.55115
2.42169
2.59696
2.5318
2.55145
2.52525
2.7241
2.49927
2.55826
2.71081
2.57148
2.65051
2.61535
2.59571
2.67971
2.58901
2.59947
2.61146
2.5697
2.58766
2.57216
2.60363
2.6669
2.58246
2.57575
2.60873
2.58755
2.64001
2.58052
2.57623
2.57915
2.57558
2.60704
2.55405
2.59884
2.6283
2.60613
2.60934
2.55147
2.60658
2.59776
2.55961
2.57379
2.55048
2.52889
2.64081
2.28108
2.6891
2.54849
2.51896
2.48062
2.50995
2.49813
2.53027
2.61725
2.51254
2.53789
2.53333
2.70418
2.73971
2.55489
2.69989
2.56085
2.47821
2.5138
2.48867
2.59054
2.52174
2.55209
2.63771
2.52741
2.51816
2.61739
2.53749
2.47217
2.5322
2.50301
2.57142
2.5984
2.55119
2.63647
2.63511
2.57638
2.63648
2.60595
2.51978
2.68512
2.66771
2.52877
2.64291
2.54828
2.33008
2.21931
2.20648
2.24829
2.23348
2.23944
2.19643
2.25366
2.25874
2.21302
2.21054
2.23564
2.22943
2.14726
2.16232
2.12818
2.10478
2.20364
2.15785
2.15742
2.15308
2.09037
2.06735
2.07057
2.06398
2.06309
2.16863
2.0771
2.07685
2.07619
2.08275
2.08875
2.0685
2.07732
2.04567
2.05039
2.06032
2.05325
2.06459
2.17657
2.0765
2.08318
2.08029
2.07742
2.0778
2.07248
2.07625
2.06909
2.06484
2.06179
2.0697
2.18955
2.07668
2.0766
2.08247
2.08189
2.08307
2.06559
2.0861
2.09076
2.06124
2.05551
2.05116
2.10993
2.07813
2.07642
2.08215
2.08301
2.07583
2.08354
2.07293
2.08634
2.0478
2.05449
2.04225
2.04583
2.05797
2.19104
2.07581
2.08252
2.07027
2.08815
2.08394
2.05677
2.11483
2.05241
2.05342
2.06333
2.05244
2.05045
2.15377
2.07699
2.08138
2.07634
2.08252
2.07745
2.08013
2.07852
2.04077
2.04502
2.05066
2.05672
2.04421
2.05134
2.15773
2.07579
2.08227
2.08252
2.0762
2.07308
2.09293
2.06099
2.05395
-996.94
2.08195
2.06552
2.11037
2.08287
2.0769
2.08288
2.07126
2.08151
2.08499
2.0795
2.0971
2.25507
2.76847
2.64355
2.6193
2.72257
2.65687
2.59777
2.75398
2.55119
2.64049
2.56206
2.57881
2.4744
2.48144
2.47122
2.39005
2.52721
2.47914
2.50231
2.55694
2.44027
2.51557
2.39784
2.40436
2.55102
2.42047
2.41264
2.48742
2.37284
2.54515
2.50723
2.4372
2.49879
2.4316
2.52829
2.52153
2.5104
2.66975
2.6521
2.5394
2.59865
2.49567
2.58268
2.66946
2.57081
2.52106
2.56664
2.58001
2.43308
2.49233
2.34633
2.56023
2.67554
2.571
2.49803
2.62219
2.52391
2.64523
2.55531
2.32263
2.21049
2.22084
2.2481
2.23457
2.21094
2.19515
2.27868
2.25613
2.29897
2.15081
2.19616
2.15431
2.15854
2.15045
2.09949
2.07944
2.07714
2.08271
2.18926
2.07634
2.07541
2.08156
2.07621
2.08091
2.07467
2.08501
2.0614
2.1312
2.04989
2.20253
2.07678
2.08315
2.15213
2.07631
2.082
2.08307
2.06117
2.04546
2.05818
2.04942
2.05085
2.10205
2.07844
2.07654
2.08126
2.0729
2.08569
2.08001
2.07858
2.09112
2.04542
2.05793
2.06155
2.04853
2.06115
2.1588
2.07671
2.07629
2.08275
2.08857
2.06529
2.07628
2.07764
2.06046
2.05035
2.0574
2.04932
2.05614
2.18094
2.07734
2.07622
2.08231
2.07712
2.07063
2.11476
2.05305
2.07145
2.05531
2.05054
2.04942
2.06328
2.15776
2.07733
2.08071
2.07799
2.07137
2.08225
2.07737
2.09184
2.08313
2.05133
2.04428
2.05069
2.05436
2.15638
2.07648
2.09348
2.0717
2.07719
2.07135
2.086
2.08276
2.05121
2.05552
2.05976
2.05725
2.05689
2.08182
2.07736
2.0767
2.07683
2.08238
2.0827
2.08203
2.06559
2.1175
2.0584
2.06141
2.05318
2.05155
2.19263
2.07497
2.08041
2.07859
2.08273
2.07888
2.07931
2.09663
2.0681
2.0519
2.06252
2.04589
2.1126
2.07641
2.07701
2.07664
2.15223
2.08402
2.09274
2.05975
2.05263
2.06149
2.05122
2.04941
2.04816
2.1055
2.08824
2.07722
2.08033
2.07916
2.08191
2.07666
2.08134
2.09782
2.06396
2.05161
2.05073
2.05588
2.20215
2.07688
2.08331
2.15184
2.08758
2.07131
2.10236
2.07054
2.04931
2.05815
2.0519
2.19629
2.07668
2.07734
2.07546
2.08977
2.07113
2.0859
2.08573
2.12113
2.06912
2.05174
2.19595
2.07551
2.07735
2.07541
2.08742
2.07274
2.09233
2.05918
2.06556
2.05436
2.05066
2.05532
2.04925
2.10347
2.07959
2.07665
2.07691
2.0877
2.07698
2.0756
2.07243
2.13719
2.07957
2.04367
2.06592
2.05192
2.15434
2.07689
2.07643
2.10758
2.05251
2.07513
2.08768
2.07212
2.04495
2.06188
2.04988
2.07984
2.04986
2.16427
2.07647
2.08094
2.07237
2.08994
2.07481
2.08216
2.07642
2.05337
2.09262
2.0642
2.03825
2.19769
2.07689
2.08313
2.06982
2.08259
2.07727
2.07832
2.06956
2.04653
2.04756
2.06255
2.10611
2.22503
2.23599
2.24123
2.16047
2.14579
2.19131
2.15757
2.15455
2.15743
2.12143
2.1413
2.15686
2.21818
2.24066
2.23033
2.18883
2.26452
2.23427
2.24237
2.1955
2.19652
2.29387
2.22809
2.22329
2.21692
2.3332
2.22698
2.23697
2.41673
2.34641
2.36441
2.36067
2.39114
2.39416
2.47831
2.43067
2.61178
2.50398
2.6707
2.76112
2.51764
2.50956
2.55925
2.50484
2.6507
2.63243
2.56108
2.61376
2.55558
2.59156
2.68942
2.67463
2.52433
2.6321
2.55875
2.60753
2.75271
2.55403
2.61558
2.68054
2.53163
2.62642
2.75798
2.52612
2.71151
2.75948
2.55065
2.68961
2.75834
2.53267
2.70668
2.75677
2.53281
2.59968
2.65697
2.54047
2.66654
2.6353
2.54152
2.65339
2.63874
2.63638
2.50317
2.54623
2.53411
2.57978
2.51364
2.39141
2.63802
2.53023
2.59794
2.61888
2.50522
2.61608
2.56542
2.52991
2.68218
2.67122
2.52529
2.65697
2.53891
2.51737
2.69839
2.52853
2.62926
2.62772
2.5694
2.64016
2.64898
2.52576
2.66771
2.63956
2.54328
2.647
2.70092
2.56824
2.64691
2.56329
2.5498
2.47636
2.5211
2.47801
2.72706
2.52342
2.72001
2.55081
-996.495
2.52463
2.65494
2.63009
2.64795
2.57738
2.52921
2.53694
2.53839
2.45074
2.54223
2.46626
2.66434
2.64085
2.54702
2.66809
2.65709
2.59076
2.61503
2.65427
2.58444
2.64497
2.57789
2.61339
2.53741
2.53965
2.48965
2.64524
2.52756
2.62758
2.75988
2.55101
2.69011
2.75854
2.55034
2.68775
2.76211
2.51771
2.71901
2.75617
2.54344
2.61356
2.67229
2.51155
2.65595
2.63868
2.53745
2.65322
2.6648
2.76094
2.6633
2.64954
2.52785
2.63664
2.52697
2.59587
2.61291
2.66679
2.51483
2.65488
2.54875
2.47524
2.61276
2.47933
2.51216
2.52677
2.54935
2.50976
2.59342
2.48445
2.70262
2.54751
2.47235
2.74361
2.52763
2.6318
2.67936
2.54393
2.69348
2.66517
2.5283
2.72275
2.69706
2.55586
2.66401
2.64877
2.5305
2.64194
2.65945
2.77096
2.66882
2.63709
2.53823
2.6355
2.52422
2.52816
2.6708
2.60276
2.51558
2.6486
2.5539
2.52824
2.77339
2.53143
2.53939
2.64988
2.54037
2.59532
2.54594
2.76273
2.54692
2.64467
2.56658
2.65187
2.60085
2.5913
2.63555
2.64187
2.49916
2.66235
2.55363
2.70325
2.67739
2.54166
2.52478
2.68634
2.53045
2.62886
2.66867
2.53441
2.71752
2.64664
2.52427
2.50699
2.49514
2.52773
2.45748
2.53926
2.40131
2.54508
2.52581
2.662
2.6326
2.54553
2.64687
2.68328
2.50352
2.63306
2.55506
2.52154
2.67391
2.54117
2.54281
2.67336
2.53057
2.62708
2.75718
2.55665
2.68705
2.75776
2.53785
2.70036
2.75635
2.5158
2.72272
2.7574
2.47226
2.6032
2.65352
2.53232
2.66371
2.54706
2.54831
2.64533
2.59068
2.52748
2.6845
2.67455
2.51449
2.65298
2.54103
2.52281
2.69752
2.53635
2.49288
2.6193
2.5373
2.6517
2.64266
2.53414
2.63875
2.70429
2.58212
2.64095
2.59833
2.5186
2.69702
2.66003
2.45118
2.62984
2.56171
2.61257
2.67396
2.54145
2.60841
2.77271
2.50926
2.72931
2.75325
2.5259
2.71674
2.75776
2.52627
2.71617
2.75691
2.5423
2.59574
2.63822
2.55485
2.66463
2.67171
2.58627
2.57211
2.59824
2.59264
2.64218
2.60064
2.52089
2.68032
2.67098
2.5087
2.6589
2.55117
2.53341
2.67158
2.50062
2.66626
2.76385
2.52121
2.7155
2.75984
2.5334
2.61765
2.65536
2.52971
2.65914
2.49076
2.39224
2.31311
2.20965
2.52642
2.47304
2.52564
2.4691
2.525
2.39823
2.52324
2.47697
2.52162
2.47151
2.5275
2.47812
2.52118
2.39871
2.52408
2.46506
2.53263
2.55015
2.5102
2.49588
2.51813
2.39764
2.52576
2.47945
2.52666
2.46289
2.52773
2.48011
2.51824
2.3902
2.46993
2.54443
2.47673
2.48902
2.46987
2.47233
2.3532
2.48758
2.46265
2.55571
2.64218
2.56452
2.49764
2.66143
2.53908
2.52854
2.69253
2.53021
2.62569
2.75083
2.50975
2.60687
2.50179
2.55912
2.62854
2.63253
2.59215
2.64398
2.58173
2.52064
2.69236
2.6734
2.49825
2.67122
2.55482
2.6025
2.77237
2.53915
2.60852
2.68592
2.54227
2.6143
2.75428
2.51266
2.72062
2.77151
2.51498
2.71976
2.76335
2.52339
2.71346
2.76366
2.52273
2.61113
2.52395
2.51968
2.64623
2.61639
2.57091
2.65987
2.48095
2.50919
2.61165
2.57167
2.40074
2.74219
2.5184
2.70623
2.7736
2.52072
2.71523
2.69362
2.52544
2.69845
2.64839
2.52028
2.66961
2.63968
2.53732
2.63502
2.64319
2.56603
2.64608
2.57408
2.54067
2.56908
2.56048
2.46818
2.54832
2.46003
2.67663
2.66042
2.51845
2.66683
2.64039
2.53596
2.6366
2.5159
2.5355
2.47228
2.52352
2.52378
2.77061
2.53388
2.60896
2.61119
-996.475
2.71459
2.63188
2.54465
2.66357
2.62771
2.55053
2.63606
2.70838
2.57566
2.64895
2.58685
2.52614
2.71805
2.62763
2.50699
2.67352
2.54675
2.52766
2.67738
2.51927
2.65285
2.75156
2.50677
2.64178
2.63978
2.54142
2.66896
2.64172
2.53626
2.65694
2.62477
2.55515
2.49141
2.62422
2.49543
2.68415
2.54453
2.53604
2.6793
2.53033
2.62969
2.76025
2.52556
2.71816
2.74684
2.52251
2.72385
2.76085
2.50584
2.64932
2.76523
2.549
2.68815
2.64419
2.52067
2.66707
2.65998
2.59964
2.66283
2.64337
2.53218
2.50996
2.51939
2.52229
2.66779
2.54452
2.52828
2.68649
2.53192
2.62382
2.76521
2.47936
2.66797
2.67877
2.504
2.746
2.64435
2.52629
2.6659
2.62258
2.53196
2.63084
2.55142
2.52309
2.69192
2.65937
2.51054
2.6669
2.54744
2.53102
2.68266
2.54126
2.69758
2.64243
2.55067
2.73064
2.74752
2.51833
2.7293
2.76439
2.52737
2.70539
2.75718
2.53806
2.61587
2.6677
2.53922
2.72093
2.6436
2.52448
2.66737
2.6698
2.51018
2.65502
2.6867
2.57593
2.64362
2.59716
2.52011
2.63103
2.53077
2.47245
2.65891
2.53348
2.61257
2.67964
2.50533
2.65758
2.64546
2.53329
2.6656
2.54371
2.63532
2.64819
2.7101
2.55646
2.65055
2.59605
2.52125
2.70981
2.63828
2.50839
2.67544
2.54106
2.39176
2.74196
2.52793
2.67744
2.71761
2.52213
2.70669
2.52967
2.56719
2.66767
2.63245
2.54384
2.63528
2.53185
2.51924
2.72984
2.62053
2.56198
2.69236
2.52773
2.51676
2.63418
2.52704
2.634
2.76264
2.53807
2.70158
2.75831
2.52717
2.71037
2.76175
2.52717
2.61328
2.63339
2.55452
2.66311
2.6465
2.6098
2.56905
2.66936
2.75277
2.67
2.57204
2.77168
2.65481
2.65453
2.60031
2.64866
2.66649
2.76052
2.66906
2.62095
2.55369
2.64193
2.69796
2.57677
2.65035
2.59157
2.52396
2.70272
2.6471
2.51138
2.68136
2.60857
2.51826
2.45754
2.43401
2.58256
2.58238
2.58024
2.50112
2.54092
2.50404
2.66126
2.54786
2.53588
2.67942
2.5362
2.62478
2.76316
2.5298
2.69466
2.76468
2.52066
2.71509
2.75739
2.52973
2.70874
2.75961
2.521
2.63007
2.652
2.52686
2.66848
2.65439
2.61206
2.64784
2.63097
2.54322
2.65196
2.69536
2.38335
2.30902
2.25407
2.25794
2.50407
2.46042
2.42897
2.2033
2.52633
2.46696
2.53235
2.46588
2.53289
2.39321
2.48321
2.51844
2.48255
2.49626
2.4616
2.40064
2.46421
2.45415
2.49926
2.49284
2.48626
2.51314
2.4315
2.57202
2.46929
2.53731
2.49471
2.49595
2.4889
2.51589
2.45413
2.67524
2.51647
2.51581
2.51084
2.57088
2.51531
2.55201
2.53124
2.69162
2.66061
2.49919
2.67349
2.54712
2.61425
2.76725
2.53788
2.5294
2.76882
2.52547
2.50084
2.60731
2.53039
2.66915
2.64653
2.52991
2.62862
2.733
2.55961
2.64734
2.57973
2.53732
2.69206
2.66075
2.43933
2.64607
2.4018
2.60426
2.7628
2.52301
2.63176
2.76714
2.51882
2.63823
2.64117
2.52975
2.66637
2.62445
2.55179
2.66059
2.67867
2.57956
2.51899
2.59176
2.51388
2.66334
2.55073
2.51081
2.7037
2.54028
2.69929
2.75716
2.51787
2.64536
2.75879
2.51373
2.726
2.75738
2.52501
2.71564
2.75076
2.5013
2.74266
2.7594
2.52381
2.71795
2.75822
2.53136
2.62425
2.7588
2.51321
2.64904
2.65494
2.60664
2.73442
2.65631
2.59404
2.6607
2.64044
2.54279
2.60868
2.65394
2.57349
2.64517
2.59102
2.53318
2.68506
2.67404
2.50691
2.65608
2.54944
2.71124
2.67357
2.5384
2.44659
-996.233
2.533
2.70593
2.76159
2.50227
2.73097
2.76219
2.52964
2.7086
2.76109
2.54298
2.61136
2.56186
2.67359
2.68689
2.65844
2.60725
2.72917
2.64477
2.52589
2.6668
2.64436
2.54007
2.5579
2.59965
2.51534
2.69723
2.66434
2.51053
2.66416
2.54447
2.61353
2.7569
2.52047
2.56047
2.75587
2.50543
2.65742
2.75894
2.5378
2.70198
2.7767
2.47744
2.7376
2.76685
2.54697
2.60586
2.65108
2.54378
2.59205
2.53225
2.53689
2.6385
2.51618
2.50821
2.49834
2.50569
2.40358
2.47982
2.51788
2.61628
2.53655
2.5446
2.67868
2.67063
2.50029
2.67609
2.54307
2.36645
2.77325
2.53741
2.69266
2.68932
2.52379
2.63268
2.60777
2.55514
2.6769
2.64938
2.52582
2.65832
2.67716
2.58812
2.67992
2.5263
2.55393
2.68508
2.65566
2.51925
2.65385
2.56013
2.69437
2.68838
2.53739
2.44304
2.77087
2.53727
2.70363
2.75714
2.5321
2.69607
2.77288
2.56519
2.58388
2.66744
2.52853
2.59428
2.53444
2.76509
2.67272
2.62084
2.55582
2.63958
2.60126
2.5225
2.49503
2.58067
2.48212
2.52291
2.49057
2.72249
2.64421
2.54957
2.71545
2.66615
2.58825
2.66785
2.65804
2.59523
2.66846
2.63826
2.5403
2.62409
2.53138
2.52826
2.67826
2.60078
2.55204
2.56669
2.45671
2.67603
2.75403
2.52746
2.63358
2.59215
2.53331
2.71419
2.65546
2.59267
2.6691
2.65218
2.535
2.63285
2.51832
2.52198
2.64814
2.62475
2.49517
2.54187
2.49796
2.4303
2.50906
2.56118
2.6519
2.65123
2.77367
2.6641
2.62319
2.54542
2.6341
2.50561
2.46128
2.61369
2.55474
2.69356
2.67528
2.5523
2.52546
2.76795
2.55674
2.59796
2.76374
2.53886
2.56907
2.6136
2.52638
2.66628
2.63542
2.54301
2.6309
2.71392
2.58133
2.63941
2.58693
2.53002
2.68523
2.65741
2.43273
2.6665
2.55472
2.44848
2.76594
2.55416
2.6
2.64707
2.5461
2.72609
2.64437
2.53845
2.65808
2.65702
2.59279
2.63119
2.64389
2.57183
2.51396
2.60389
2.5342
2.63613
2.54287
2.54082
2.67683
2.53522
2.62428
2.68298
2.52924
2.62184
2.64294
2.54035
2.66127
2.63757
2.54001
2.635
2.50841
2.5427
2.61695
2.53605
2.78
2.66229
2.55932
2.59268
2.6933
2.55962
2.52794
2.75715
2.53981
2.49296
2.39024
2.38203
2.29631
2.34555
2.57791
2.52742
2.5407
2.68823
2.51782
2.5656
2.53107
2.57262
2.53255
2.64351
2.7117
2.48243
2.51951
2.56936
2.50578
2.51527
2.71878
2.52914
2.55668
2.59724
2.52636
2.54579
2.53961
2.7067
2.52307
2.47271
2.72871
2.51533
2.73169
2.66813
2.42325
2.66105
2.67277
2.58247
2.66249
2.54612
2.63685
2.51018
2.54302
2.48824
2.53983
2.49621
2.54786
2.77358
2.54096
2.68667
2.76654
2.52885
2.60234
2.66493
2.5247
2.67618
2.64106
2.53522
2.57197
2.68508
2.58669
2.64004
2.61227
2.58373
2.63915
2.64737
2.45359
2.63548
2.40111
2.59238
2.76535
2.53832
2.61738
2.64707
2.52368
2.66841
2.66785
2.58622
2.65884
2.61063
2.57828
2.66092
2.67657
2.58747
2.49574
2.60415
2.51094
2.67667
2.54022
2.70851
2.66071
2.55452
2.44317
2.76946
2.53363
2.69493
2.76929
2.53294
2.69193
2.76547
2.52996
2.57996
2.503
2.54444
2.6473
2.61869
2.59032
2.64294
2.54674
2.57031
2.682
2.67951
2.51315
2.65958
2.54024
2.70816
2.63429
2.40974
2.61689
2.7643
2.53092
2.70099
2.77567
2.5433
2.68379
2.67584
2.50701
2.65508
2.64585
2.5286
2.66382
2.62999
2.54838
2.6367
2.70839
2.57762
2.68064
-996.462
2.53978
2.56071
2.59446
2.48672
2.51436
2.51372
2.70101
2.64663
2.52223
2.66861
2.62005
2.55956
2.63713
2.62798
2.57323
2.65057
2.54434
2.46509
2.62546
2.55398
2.53773
2.67328
2.53732
2.61288
2.77429
2.52935
2.69994
2.76875
2.53586
2.59284
2.63754
2.56131
2.66561
2.65342
2.52067
2.65251
2.63232
2.56236
2.63613
2.60787
2.51763
2.68739
2.67749
2.45326
2.44555
2.51861
2.57708
2.65206
2.52743
2.66738
2.64601
2.53079
2.64259
2.62898
2.57244
2.63477
2.52883
2.52336
2.67593
2.54859
2.64942
2.56957
2.41611
2.66101
2.76184
2.54118
2.69647
2.75714
2.55352
2.60735
2.66588
2.52889
2.72674
2.67642
2.49797
2.66067
2.63489
2.54409
2.63614
2.51756
2.53136
2.60205
2.5299
2.50172
2.65337
2.53343
2.62854
2.7573
2.52812
2.60204
2.69096
2.53106
2.72764
2.53266
2.55919
2.64722
2.62644
2.56823
2.64826
2.59339
2.52859
2.67935
2.67338
2.51404
2.64753
2.55467
2.84431
2.6876
2.54232
2.51401
2.62641
2.5334
2.62363
2.68251
2.54052
2.68995
2.65081
2.55355
2.70617
2.69459
2.56867
2.66575
2.63744
2.5502
2.63737
2.64939
2.77836
2.66614
2.62599
2.53911
2.66719
2.7028
2.64523
2.49316
2.39354
2.51398
2.508
2.48587
2.60073
2.62015
2.53522
2.65771
2.64453
2.61103
2.51391
2.56466
2.52981
2.68105
2.66123
2.50428
2.68737
2.62346
2.6251
2.65119
2.56276
2.53033
2.7568
2.53949
2.61076
2.77379
2.55111
2.60207
2.67366
2.54322
2.77628
2.66951
2.53778
2.58669
2.52861
2.54149
2.51104
2.59641
2.52212
2.5542
2.50537
2.60461
2.75944
2.54327
2.48398
2.64472
2.57753
2.53254
2.51569
2.55961
2.51244
2.61283
2.52393
2.50929
2.56263
2.5372
2.68516
2.58507
2.57593
2.576
2.64642
2.6128
2.59176
2.64296
2.6026
2.64352
2.67439
2.58816
2.65174
2.60002
2.60147
2.67319
2.64579
2.59386
2.68509
2.93488
2.72956
2.72586
2.87382
2.82696
2.8468
2.61232
2.55456
2.61136
2.60399
2.62878
2.58834
2.64421
2.61087
2.59911
2.70807
2.61008
2.60199
2.6307
2.58847
2.65405
2.60437
2.59893
2.66524
2.65232
2.55218
2.7261
2.5924
2.60847
2.59795
2.55816
2.59819
2.58885
2.56464
2.64155
2.57044
2.62712
2.52737
2.3886
2.30882
2.20765
2.53568
2.4892
2.58314
2.50718
2.52562
2.48661
2.4816
2.43955
2.48195
2.48201
2.60479
2.53897
2.52628
2.52706
2.56888
2.45809
2.72542
2.62508
2.53604
2.6121
2.77626
2.55198
2.55335
2.52729
2.54863
2.50256
2.55668
2.53924
2.55669
2.57678
2.50453
2.64996
2.5308
2.62884
2.76129
2.52256
2.70249
2.6939
2.53661
2.69639
2.64557
2.53826
2.63197
2.63793
2.56001
2.63251
2.65856
2.55389
2.65172
2.59582
2.50982
2.70023
2.65774
2.50916
2.6616
2.55189
2.70876
2.65514
2.45603
2.53698
2.6906
2.51977
2.64579
2.63882
2.54852
2.65091
2.64012
2.53399
2.65679
2.68879
2.57249
2.67883
2.54316
2.54447
2.66881
2.5598
2.54826
2.69274
2.60357
2.6978
2.59784
2.54625
2.61105
2.762
2.52783
2.62974
2.75985
2.54061
2.69794
2.75968
2.54341
2.69524
2.67905
2.54419
2.61133
2.64738
2.52641
2.66682
2.62925
2.51953
2.63606
2.55291
2.52599
2.67666
2.55009
2.54929
2.6625
2.55654
2.53051
2.76155
2.5365
2.61473
2.65149
2.54141
2.50285
2.41666
2.58161
2.4749
2.53258
2.59852
2.69215
2.5483
2.53504
2.75808
2.51545
2.54083
2.64096
2.57438
2.73019
2.65637
2.59385
2.6672
2.58999
-996.412
2.6348
2.63943
2.56169
2.64168
2.60996
2.59439
2.64066
2.63241
2.53811
2.64217
2.51152
2.72153
2.68477
2.51172
2.56352
2.76491
2.53816
2.61498
2.67711
2.51535
2.65105
2.66694
2.58999
2.62534
2.63054
2.58027
2.6389
2.64471
2.55431
2.63411
2.5274
2.50728
2.71401
2.53281
2.63014
2.66669
2.55064
2.52556
2.7616
2.5289
2.62467
2.76937
2.52874
2.69771
2.77126
2.53376
2.70575
2.7609
2.52985
2.61659
2.76259
2.51669
2.51645
2.63146
2.51083
2.61397
2.55732
2.51948
2.71999
2.63023
2.52716
2.53268
2.50194
2.48108
2.45164
2.55043
2.50725
2.54978
2.53482
2.70275
2.65743
2.52237
2.63962
2.55784
2.6254
2.75027
2.54479
2.52882
2.75987
2.52783
2.6327
2.76061
2.52413
2.70443
2.69143
2.52652
2.62688
2.65304
2.53213
2.65872
2.62824
2.54801
2.63424
2.5295
2.5165
2.68206
2.54913
2.54494
2.5896
2.5197
2.64377
2.76706
2.53927
2.61388
2.76258
2.52399
2.60528
2.6585
2.54202
2.66263
2.64185
2.53028
2.64996
2.63471
2.56704
2.62992
2.53645
2.59417
2.68361
2.6775
2.46293
2.60723
2.55944
2.53165
2.75534
2.5195
2.56644
2.76904
2.52681
2.62351
2.64781
2.52701
2.66602
2.64319
2.53433
2.63635
2.52232
2.52766
2.57058
2.58074
2.51845
2.61896
2.53549
2.62144
2.76385
2.53239
2.69856
2.75956
2.51112
2.73359
2.69105
2.54486
2.59976
2.52515
2.56981
2.64999
2.66544
2.75303
2.66822
2.615
2.56537
2.66285
2.68179
2.57666
2.64879
2.58406
2.52973
2.69443
2.65415
2.52299
2.64145
2.56326
2.71109
2.66013
2.55234
2.52546
2.76101
2.53627
2.4921
2.52522
2.55511
2.51314
2.54979
2.54053
2.54513
2.60233
2.5612
2.63031
2.57793
2.4912
2.7621
2.57148
2.57379
2.57854
2.57254
2.62157
2.60276
2.71903
2.67418
2.59021
2.64764
2.59589
2.6501
2.58932
2.57256
2.62259
2.64728
2.59705
2.68143
2.59296
2.61873
2.65095
2.55405
2.61823
2.60091
2.39572
2.55078
2.60366
2.60813
2.59039
2.64227
2.65778
2.58789
2.59436
2.7266
2.78758
2.79514
2.73369
2.71519
2.64482
2.67551
2.59168
2.63303
2.6174
2.59006
2.64568
2.59602
2.64597
2.67959
2.57702
2.65725
2.60234
2.58068
2.68384
2.65303
2.58325
2.69716
2.57881
2.60288
2.60839
2.51243
2.53678
2.4855
2.52501
2.48029
2.51797
2.4834
2.50308
2.43275
2.57285
2.49876
2.72054
2.662
2.53493
2.58783
2.53178
2.70649
2.68486
2.63407
2.54321
2.65378
2.69464
2.68323
2.60742
2.70673
2.57509
2.64967
2.5689
2.5362
2.69118
2.66116
2.50531
2.54014
2.49844
2.49743
2.51209
2.56181
2.65727
2.66334
2.5949
2.65124
2.64283
2.70347
2.64775
2.62938
2.55587
2.63816
2.54459
2.48875
2.56625
2.52884
2.6163
2.67773
2.53531
2.61684
2.69193
2.52609
2.62963
2.64674
2.51955
2.67633
2.66399
2.59026
2.74381
2.64915
2.52652
2.63781
2.59673
2.53039
2.64002
2.63734
2.50355
2.65856
2.55426
2.60377
2.77378
2.54296
2.52781
2.76024
2.51377
2.64152
2.53426
2.57772
2.73229
2.67611
2.56748
2.5502
2.58331
2.55847
2.62869
2.54363
2.49632
2.71648
2.54178
2.4847
2.64479
2.52836
2.63528
2.75224
2.54802
2.68959
2.67431
2.58736
2.83032
2.76654
2.6097
2.61269
2.75821
2.5497
2.60588
2.76942
2.52376
2.71278
2.75533
2.55219
2.59909
2.65002
2.5257
2.64302
2.62391
2.57219
2.64242
2.62254
2.58821
2.64417
2.57202
2.54053
2.68956
2.6547
2.5149
2.66191
2.54783
2.71217
-996.344
2.55993
2.52682
2.76558
2.54171
2.69371
2.75626
2.51912
2.6468
2.75568
2.52454
2.63059
2.6406
2.53434
2.65827
2.62547
2.55852
2.66003
2.62203
2.56265
2.64134
2.58618
2.53629
2.5663
2.59259
2.78483
2.65784
2.54933
2.63026
2.66158
2.70654
2.62208
2.66247
2.55918
2.44518
2.7668
2.59803
2.73425
2.75955
2.61386
2.62505
2.75748
2.60072
2.64109
2.75723
2.5944
2.64697
2.76295
2.60471
2.79006
2.75456
2.63291
2.70657
2.7401
2.75772
2.93001
2.73487
2.6036
2.59794
2.57919
2.64171
2.61764
2.688
2.71593
2.73687
2.73969
2.7946
2.85994
2.73813
2.64083
2.61161
2.66375
2.66205
2.60192
2.65634
2.63776
2.54068
2.66045
2.69338
2.67748
2.60925
2.7144
2.58027
2.72275
2.72155
2.78746
2.74407
2.79342
2.61953
2.74944
2.84045
2.61725
2.69629
2.75672
2.61557
2.68263
2.68234
2.53992
2.60344
2.6962
2.53669
2.61064
2.65025
2.53287
2.56282
2.63149
2.56974
2.62595
2.54223
2.58825
2.70057
2.65537
2.52567
2.64184
2.55634
2.60884
2.76591
2.70849
2.62608
2.65881
2.54665
2.39855
2.64666
2.53763
2.78828
2.67325
2.53786
2.71265
2.67236
2.57653
2.66719
2.63575
2.53766
2.65581
2.66058
2.68594
2.79362
2.64499
2.5694
2.73653
2.64376
2.60397
2.75641
2.59975
2.56875
2.66083
2.69283
2.56569
2.51665
2.5982
2.52383
2.52018
2.5194
2.61134
2.75873
2.54626
2.61177
2.7684
2.53487
2.69983
2.76043
2.55173
2.68298
2.75743
2.55828
2.60034
2.66145
2.53789
2.71772
2.52407
2.57666
2.54517
2.54005
2.52621
2.56226
2.58833
2.50154
2.63055
2.57228
2.66809
2.75984
2.53401
2.62922
2.75904
2.54118
2.6932
2.62876
2.47932
2.59989
2.55411
2.74759
2.53705
2.55706
2.79283
2.46774
2.5616
2.52253
2.57471
2.51857
2.39231
2.60806
2.53853
2.53566
2.51573
2.71924
2.54047
2.52742
2.69455
2.5155
2.56114
2.49237
2.50746
2.51147
2.61107
2.54947
2.5586
2.52063
2.56383
2.60019
2.51463
2.63764
2.57422
2.62033
2.56276
2.39242
2.65028
2.49988
2.53212
2.51465
2.7191
2.52126
2.55398
2.53255
2.65819
2.57274
2.471
2.53414
2.52171
2.54988
2.51835
2.55889
2.52854
2.39713
2.51197
2.56441
2.50679
2.5652
2.51366
2.5689
2.52319
2.56163
2.59271
2.50906
2.56669
2.54108
2.54692
2.50247
2.49186
2.49287
2.49119
2.49518
2.53343
2.47153
2.52421
2.52201
2.5431
2.68404
2.52684
2.54645
2.49519
2.5869
2.51567
2.59624
2.49471
2.54555
2.49547
2.42265
2.51186
2.56874
2.52076
2.52675
2.55583
2.67162
2.56326
2.59052
2.5961
2.57601
2.52773
2.67379
2.51397
2.72645
2.69028
2.504
2.73111
2.64391
2.52366
2.66773
2.63139
2.5448
2.6143
2.66994
2.56006
2.65331
2.58872
2.52309
2.67312
2.56155
2.57004
2.6394
2.45327
2.62434
2.76546
2.52782
2.62489
2.68196
2.51742
2.64277
2.59551
2.57919
2.66768
2.6172
2.54766
2.62743
2.5294
2.53423
2.68155
2.5564
2.55729
2.65454
2.62963
2.61422
2.75104
2.55506
2.52692
2.76005
2.53639
2.51879
2.65875
2.54045
2.66474
2.6334
2.5455
2.65003
2.63153
2.5625
2.6308
2.54793
2.58119
2.68524
2.65549
2.45677
2.64713
2.45665
2.53765
2.69203
2.52567
2.63081
2.66032
2.59991
2.65581
2.63731
2.55284
2.6479
2.6143
2.568
2.64946
2.5737
2.5407
2.56333
2.58915
2.49812
2.63425
2.53628
2.62183
2.68593
2.51249
2.64532
2.53538
2.56264
2.64265
2.63129
2.57078
2.6415
-996.439
2.56286
2.6734
2.5497
2.56073
2.6523
2.45569
2.6223
2.77013
2.52309
2.63352
2.75216
2.5206
2.71805
2.68758
2.51276
2.64403
2.52055
2.58691
2.64455
2.63027
2.55946
2.63759
2.52834
2.48783
2.63212
2.55283
2.68216
2.69988
2.53681
2.45258
2.67478
2.54351
2.69552
2.64434
2.54926
2.64579
2.58318
2.51789
2.63956
2.52099
2.52339
2.67183
2.57208
2.56084
2.64063
2.55065
2.61272
2.67527
2.54721
2.61589
2.76095
2.52329
2.70241
2.6936
2.53783
2.61883
2.64473
2.52736
2.66871
2.63827
2.53538
2.55679
2.53521
2.5022
2.66435
2.58334
2.63455
2.65904
2.55154
2.52255
2.68273
2.5277
2.71517
2.7515
2.51785
2.63503
2.63668
2.53889
2.67473
2.63363
2.51019
2.58132
2.5186
2.53851
2.68841
2.66214
2.5196
2.64814
2.55507
2.70364
2.66959
2.54997
2.60959
2.71696
2.52012
2.67553
2.7686
2.48675
2.67102
2.67706
2.50978
2.64839
2.52439
2.57258
2.64618
2.62724
2.48401
2.61165
2.59088
2.49804
2.67352
2.55008
2.62005
2.61093
2.49811
2.64239
2.76212
2.56057
2.678
2.76134
2.53576
2.69976
2.68137
2.52067
2.63801
2.60404
2.56861
2.66458
2.62882
2.54801
2.63701
2.73383
2.6278
2.6368
2.73077
2.79925
2.6505
2.62759
2.55193
2.62889
2.51638
2.53853
2.70331
2.63904
2.487
2.42562
2.20316
2.6707
2.63421
2.54603
2.63323
2.72177
2.56408
2.61448
2.55509
2.49629
2.57872
2.52112
2.51976
2.67864
2.54364
2.64402
2.7622
2.64884
2.90269
2.85168
2.74044
2.70933
2.72635
2.65916
2.61924
2.71122
2.66165
2.62829
2.70148
2.66326
2.64036
2.70863
2.65459
2.63058
2.72714
2.6405
2.62421
2.71366
2.66016
2.63028
2.7262
2.64264
2.63309
2.71986
2.6526
2.62167
2.71475
2.66089
2.62192
2.72397
2.65361
2.62048
2.568
2.59294
2.58456
2.69101
2.63433
2.68915
2.76336
2.75859
2.59282
2.70337
2.70007
2.58677
2.73658
2.66652
2.58799
2.60678
2.60527
2.57757
2.71463
2.62663
2.6537
2.69322
2.63197
2.52404
2.76529
2.53324
2.6207
2.76365
2.51614
2.61586
2.65702
2.53447
2.53879
2.51487
2.69597
2.52807
2.56899
2.51627
2.55738
2.53679
2.52234
2.63201
2.51463
2.56254
2.52953
2.54162
2.51645
2.41927
2.64071
2.49048
2.49116
2.44276
2.51256
2.56272
2.67885
2.49087
2.58366
2.48407
2.51484
2.55111
2.6419
2.56683
2.46786
2.56045
2.64332
2.60227
2.55366
2.75762
2.60371
2.50835
2.64477
2.58577
2.6259
2.63419
2.66901
2.60821
2.64425
2.57349
2.58797
2.58239
2.65188
2.60137
2.65359
2.69571
2.51711
2.5535
2.57249
2.55149
2.71052
2.63325
2.55008
2.66233
2.62502
2.54807
2.64956
2.71321
2.55997
2.6543
2.55602
2.56077
2.55274
2.58635
2.63441
2.66607
2.55211
2.47233
2.66235
2.51243
2.64178
2.52635
2.49737
2.62787
2.52434
2.53221
2.68201
2.6651
2.49766
2.6861
2.51607
2.55045
2.68903
2.53125
2.70477
2.76282
2.52421
2.62948
2.75838
2.50336
2.74
2.7661
2.50798
2.6162
2.63106
2.56529
2.66766
2.63798
2.54833
2.62987
2.64195
2.55408
2.64337
2.59333
2.5354
2.6792
2.54723
2.56601
2.65191
2.55397
2.46651
2.6066
2.49833
2.57879
2.62892
2.58836
2.64541
2.5297
2.58263
2.64457
2.62588
2.48744
2.69535
2.55018
2.48637
2.53238
2.5277
2.75062
2.76527
2.53174
2.70191
2.77087
2.52278
2.7028
2.67334
2.51391
2.65348
2.63625
2.52994
2.66343
2.63123
2.5513
2.63457
2.52202
2.52627
2.6819
-996.445
2.54491
2.66989
2.54869
2.46642
2.53464
2.54305
2.53155
2.60783
2.78562
2.66005
2.59906
2.5804
2.6584
2.69665
2.5723
2.65015
2.59576
2.58439
2.64637
2.63504
2.51663
2.64766
2.5507
2.61251
2.75422
2.55698
2.31692
2.53987
2.53087
2.63279
2.63112
2.57205
2.6316
2.56258
2.57282
2.68342
2.67618
2.50575
2.66487
2.54596
2.70774
2.66748
2.55787
2.59865
2.66945
2.5223
2.64932
2.75962
2.53411
2.61607
2.67911
2.52733
2.71111
2.65267
2.52711
2.66631
2.64009
2.53196
2.65377
2.71265
2.55348
2.51904
2.59563
2.56107
2.69582
2.55538
2.6097
2.68334
2.54651
2.60905
2.67419
2.53779
2.6193
2.69023
2.51763
2.63983
2.65473
2.53347
2.6432
2.63667
2.52202
2.64351
2.53649
2.5066
2.62292
2.55139
2.47704
2.6531
2.51393
2.65172
2.68237
2.54007
2.61353
2.52114
2.5869
2.63412
2.64302
2.55384
2.642
2.59644
2.52917
2.68451
2.67027
2.51603
2.6491
2.55285
2.81096
2.63336
2.55641
2.70149
2.65649
2.55486
2.54796
2.74276
2.5375
2.62773
2.67943
2.53056
2.62777
2.64819
2.52579
2.74086
2.62915
2.54751
2.64818
2.55865
2.55404
2.50677
2.58283
2.53444
2.54279
2.51806
2.6866
2.76719
2.53972
2.69739
2.75082
2.52236
2.54444
2.6417
2.54268
2.66655
2.65814
2.52708
2.63461
2.63702
2.56443
2.64499
2.59168
2.53144
2.68614
2.65997
2.51828
2.55988
2.56613
2.53606
2.7607
2.52999
2.62765
2.76231
2.52444
2.71563
2.75852
2.528
2.48822
2.6121
2.54318
2.64603
2.6428
2.55686
2.64508
2.58065
2.53624
2.69599
2.65042
2.51336
2.54931
2.47041
2.64529
2.76843
2.5348
2.69642
2.67611
2.52497
2.70762
2.69228
2.52551
2.63594
2.65565
2.5331
2.64658
2.61759
2.56074
2.65738
2.60752
2.70996
2.61706
2.55918
2.5294
2.69351
2.65382
2.51338
2.67017
2.54171
2.71369
2.64988
2.56027
2.61401
2.5773
2.54433
2.7144
2.76091
2.54052
2.68322
2.84082
2.50852
2.57164
2.65959
2.55177
2.71912
2.66018
2.60424
2.59903
2.61013
2.54235
2.65789
2.70778
2.80071
2.72938
2.56091
2.53794
2.66332
2.60271
2.757
2.61176
2.71906
2.56307
2.67207
2.53581
2.55724
2.6833
2.66858
2.50705
2.65853
2.54824
2.61894
2.81882
2.56235
2.47187
2.52152
2.50513
2.5818
2.51528
2.55976
2.51117
2.60359
2.51006
2.53191
2.52081
2.40164
2.49164
2.49349
2.49691
2.53896
2.4762
2.62652
2.55339
2.61267
2.56137
2.54566
2.73057
2.68357
2.53617
2.58681
2.62974
2.57599
2.66819
2.64177
2.61126
2.65135
2.5256
2.74637
2.65853
2.69787
2.5647
2.6719
2.51911
2.57165
2.70166
2.652
2.53531
2.57151
2.53544
2.599
2.76276
2.52624
2.56166
2.76015
2.54319
2.69623
2.75485
2.53717
2.69824
2.77332
2.52985
2.699
2.76276
2.5506
2.68903
2.75966
2.53658
2.61668
2.76337
2.53302
2.70465
2.67927
2.54874
2.76549
2.67678
2.53891
2.70878
2.6668
2.57653
2.66594
2.64214
2.6169
2.74583
2.65314
2.60999
2.70312
2.62716
2.5918
2.63102
2.64619
2.71086
2.7375
2.57624
2.77005
2.65437
2.68967
2.57611
2.64859
2.80136
2.53924
2.61926
2.66704
2.80392
2.73173
2.65086
2.52182
2.66087
2.6485
2.76263
2.66371
2.72525
2.55324
2.72834
2.63958
2.53547
2.65939
2.82065
2.52352
2.64942
2.61043
2.65541
2.66806
2.52255
2.57322
2.53793
2.5338
2.53072
2.68194
2.53382
2.58941
2.71488
2.50699
2.65005
2.64287
2.54398
2.65879
2.78795
-996.458
2.55079
2.65034
2.55451
2.65458
2.56592
2.55518
2.54586
2.52495
2.53591
2.67999
2.67385
2.56245
2.76224
2.53582
2.70247
2.75915
2.53309
2.62169
2.68645
2.53456
2.62288
2.67159
2.57792
2.72616
2.65479
2.53807
2.66835
2.643
2.61443
2.73442
2.61586
2.56678
2.66174
2.69817
2.55585
2.66532
2.53468
2.56562
2.54521
2.53655
2.52049
2.65919
2.56709
2.70101
2.75482
2.53353
2.63149
2.76002
2.53266
2.7848
2.75635
2.55921
2.6023
2.76297
2.53486
2.69409
2.76245
2.51819
2.72488
2.76169
2.54202
2.59568
2.64329
2.54758
2.52774
2.52924
2.54629
2.79685
2.49445
2.55534
2.55786
2.59674
2.47742
2.65545
2.54299
2.69411
2.7569
2.53099
2.63667
2.7512
2.51941
2.72325
2.76182
2.54101
2.61411
2.67549
2.52928
2.78988
2.67883
2.55156
2.69194
2.65813
2.59999
2.73516
2.65254
2.60504
2.66132
2.66285
2.59654
2.59174
2.49952
2.73602
2.51179
2.57961
2.59377
2.57344
2.66653
2.56872
2.5068
2.51691
2.54938
2.52834
2.55672
2.52799
2.54467
2.46295
2.54351
2.60632
2.46346
2.53385
2.51345
2.56686
2.51326
2.56951
2.53257
2.51965
2.51484
2.59005
2.59419
2.39591
2.60346
2.521
2.55732
2.54684
2.60118
2.50217
2.57962
2.51641
2.55428
2.53777
2.39446
2.63856
2.50966
2.52936
2.51354
2.5604
2.50775
2.5677
2.54854
2.46882
2.47763
2.59534
2.67885
2.54503
2.6135
2.51016
2.56787
2.51681
2.58322
2.3907
2.51289
2.49485
2.57416
2.52375
2.55534
2.68227
2.51747
2.56218
2.52095
2.55354
2.56533
2.58338
2.50424
2.55501
2.63422
2.5109
2.64586
2.52255
2.70829
2.46209
2.52495
2.54219
2.55385
2.60342
2.55828
2.58916
2.50418
2.50691
2.50934
2.56102
2.51629
2.48605
2.50267
2.57754
2.52358
2.47712
2.73293
2.53167
2.71076
2.61723
2.5358
2.54919
2.52881
2.54502
2.41463
2.50487
2.45507
2.54655
2.52618
2.54956
2.52145
2.56068
2.51987
2.56177
2.51927
2.56022
2.51744
2.46797
2.60929
2.51935
2.56012
2.50722
2.56729
2.51995
2.63565
2.51138
2.70477
2.54463
2.50055
2.71974
2.54411
2.60246
2.76846
2.54339
2.69011
2.62968
2.5289
2.54549
2.52087
2.55228
2.52041
2.57168
2.5999
2.54533
2.6065
2.4754
2.51893
2.50875
2.5707
2.50923
2.5698
2.52917
2.55534
2.50421
2.56065
2.53078
2.38941
2.52208
2.55333
2.53371
2.54447
2.53086
2.49952
2.66332
2.53741
2.54442
2.50869
2.48297
2.50463
2.58039
2.6506
2.63838
2.77516
2.66282
2.64393
2.56122
2.60374
2.51047
2.55035
2.68125
2.67161
2.52084
2.72616
2.54588
2.49359
2.64134
2.52452
2.71805
2.76176
2.53046
2.70546
2.76117
2.55528
2.60274
2.8765
2.48721
2.62345
2.6909
2.53395
2.70366
2.67437
2.53568
2.57306
2.63375
2.59795
2.66032
2.64241
2.77835
2.6528
2.63318
2.55156
2.65914
2.70662
2.65666
2.63196
2.71188
2.62924
2.64678
2.62065
2.57761
2.6628
2.5815
2.51159
2.68707
2.54856
2.47977
2.5564
2.53026
2.73398
2.67428
2.53263
2.7045
2.66452
2.61753
2.63864
2.66233
2.59762
2.73713
2.66744
2.60492
2.59388
2.63291
2.59352
2.65582
2.64401
2.79499
2.7258
2.6497
2.61499
2.65707
2.61968
2.58363
2.60255
2.73965
2.79873
2.73041
2.64715
2.60771
2.8163
2.63943
2.54188
2.65599
2.63217
2.55838
2.63398
2.72855
2.82641
2.69892
2.6539
2.61921
2.70223
2.65719
2.55434
2.72953
2.62649
2.55468
2.76611
2.60675
2.78095
2.66649
2.63005
2.54706
2.67173
2.69883
-996.227
2.67178
2.6363
2.54245
2.65236
2.70165
2.55999
2.65516
2.5887
2.60267
2.6509
2.60996
2.51992
2.66066
2.55459
2.60563
2.7577
2.55305
2.60855
2.68146
2.52281
2.64168
2.75887
2.53675
2.60411
2.64635
2.55427
2.73539
2.65145
2.52246
2.6481
2.60636
2.59002
2.65371
2.71077
2.78527
2.66548
2.78523
2.54176
2.67159
2.65334
2.6029
2.64256
2.64509
2.78708
2.66639
2.65761
2.59563
2.65024
2.78832
2.55682
2.62676
2.66723
2.78529
2.664
2.65929
2.51336
2.64135
2.63138
2.65101
2.65348
2.58538
2.5255
2.54096
2.53399
2.53374
2.67309
2.53431
2.51832
2.67368
2.53337
2.6654
2.66335
2.59869
2.65695
2.78304
2.54881
2.66561
2.60672
2.57149
2.65744
2.71252
2.79336
2.65358
2.59344
2.97605
2.9296
2.75434
2.62911
2.69258
2.63061
2.58554
2.61139
2.63691
2.58817
2.78244
2.84341
2.62535
2.61041
2.74289
2.64244
2.61038
2.76894
2.62403
2.67534
2.76834
2.63202
2.70113
2.75084
2.62654
2.47775
2.72702
2.63364
2.68746
2.7647
2.62514
2.70526
2.74551
2.75063
2.58439
2.72633
2.69143
2.59216
2.73421
2.58741
2.7112
2.66235
2.55203
2.62322
2.66988
2.547
2.39156
2.49886
2.50279
2.64382
2.64351
2.80016
2.7014
2.63186
2.5772
2.65847
2.65231
2.68819
2.72998
2.59306
2.67323
2.6606
2.6383
2.77477
2.66474
2.78428
2.55279
2.71558
2.67406
2.52411
2.65963
2.63695
2.627
2.65724
2.70841
2.78744
2.66464
2.61719
2.5621
2.65617
2.71663
2.77597
2.66841
2.57436
2.60696
2.65647
2.70969
2.78448
2.74236
2.64462
2.62392
2.64852
2.63605
2.54406
2.65614
2.71071
2.78179
2.53864
2.66942
2.55529
2.64793
2.55486
2.5629
2.54749
2.5304
2.5266
2.68284
2.54155
2.69945
2.76552
2.5223
2.63164
2.68128
2.5329
2.62746
2.60564
2.56746
2.66301
2.66125
2.59614
2.65594
2.6527
2.60636
2.64764
2.72595
2.79935
2.73114
2.66022
2.68185
2.73371
2.65423
2.5971
2.66422
2.64738
2.53159
2.64052
2.65297
2.77934
2.66649
2.63604
2.68488
2.66414
2.6375
2.63154
2.55215
2.72924
2.77979
2.74473
2.65064
2.60141
2.66586
2.64253
2.53103
2.64271
2.72503
2.78922
2.66556
2.63924
2.61437
2.65616
2.64665
2.61089
2.50114
2.53523
2.51486
2.53234
2.48344
2.35067
2.48273
2.60651
2.49103
2.53126
2.44783
2.52449
2.47334
2.52015
2.48061
2.52386
2.49195
2.54317
2.52372
2.65367
2.54571
2.60632
2.75964
2.63236
2.53434
2.67425
2.52915
2.62913
2.68111
2.53121
2.79599
2.84058
2.53457
2.61929
2.75449
2.53106
2.72051
2.66763
2.54066
2.61822
2.64827
2.52579
2.62911
2.62186
2.67024
2.64875
2.64499
2.78006
2.54692
2.67318
2.77631
2.66822
2.6581
2.59729
2.64346
2.64604
2.78434
2.6691
2.62985
2.54499
2.66082
2.71104
2.79518
2.73235
2.65152
2.59737
2.66676
2.60173
2.57143
2.63431
2.49663
2.55255
2.69337
2.67481
2.40649
2.6733
2.55503
2.52794
2.7603
2.50119
2.56048
2.6428
2.54812
2.66615
2.64234
2.5391
2.62369
2.56137
2.72837
2.64009
2.49384
2.55402
2.68444
2.66306
2.52499
2.65193
2.54967
2.58674
2.62073
2.5261
2.64027
2.60331
2.53551
2.69659
2.64349
2.52746
2.66301
2.61177
2.57035
2.63877
2.49509
2.55121
2.6815
2.55589
2.55955
2.65507
2.54773
2.54199
2.75165
2.51724
2.63309
2.68425
2.53923
2.61528
2.6454
2.52879
2.53992
2.58425
2.71961
2.63048
2.5065
2.54671
2.68648
-996.361
2.50942
2.4782
2.42341
2.5734
2.61373
2.54244
2.52604
2.54935
2.53166
2.63133
2.6525
2.49398
2.67967
2.45503
2.52935
2.77303
2.53486
2.61992
2.76158
2.52381
2.70819
2.68641
2.52039
2.61762
2.66167
2.52884
2.66729
2.62273
2.54995
2.65286
2.72771
2.77776
2.74327
2.66327
2.58829
2.66788
2.64956
2.52739
2.64048
2.48749
2.54908
2.55553
2.52827
2.70598
2.67136
2.62033
2.72947
2.63061
2.53572
2.55058
2.77001
2.52706
2.62761
2.5907
2.52487
2.71635
2.62867
2.54799
2.66542
2.62619
2.55179
2.52174
2.58639
2.57917
2.68669
2.67182
2.51301
2.66447
2.54155
2.72358
2.63081
2.47939
2.60287
2.63723
2.45841
2.53041
2.48325
2.69114
2.6068
2.46979
2.388
2.38554
2.28216
2.5244
2.39998
2.41122
2.54696
2.40351
2.38911
2.39906
2.43936
2.40085
2.37364
2.4593
2.36093
2.40849
2.39813
2.43434
2.51598
2.53927
2.59666
2.53291
2.56345
2.58996
2.52716
2.55378
2.53765
2.55146
2.5262
2.54644
2.52126
2.55457
2.52369
2.56016
2.59484
2.51072
2.56828
2.54376
2.54157
2.51965
2.54999
2.51139
2.57567
2.51822
2.55995
2.59112
2.53141
2.54827
2.54908
2.52106
2.50336
2.58026
2.50193
2.57398
2.52903
2.55505
2.60112
2.52283
2.56149
2.57552
2.47761
2.53089
2.49435
2.52283
2.54368
2.51311
2.5697
2.52158
2.56303
2.59339
2.48979
2.51013
2.5168
2.56087
2.4742
2.60728
2.51965
2.5795
2.58253
2.54851
2.53227
2.47711
2.59875
2.51564
2.56328
2.5191
2.5451
2.51425
2.59125
2.50169
2.56886
2.52167
2.47659
2.5942
2.52132
2.56472
2.52694
2.54342
2.40806
2.51023
2.49967
2.50763
2.51313
2.48377
2.51158
2.56339
2.50427
2.66192
2.51356
2.55099
2.53557
2.39656
2.54162
2.52641
2.52322
2.55116
2.52529
2.51281
2.57151
2.47841
2.51811
2.50956
2.56906
2.51742
2.49228
2.49471
2.58449
2.52407
2.53969
2.52918
2.47548
2.52276
2.55015
2.5211
2.56757
2.59667
2.52434
2.55159
2.57403
2.50494
2.40625
2.59669
2.51621
2.56388
2.50655
2.5605
2.52911
2.55968
2.59361
2.49784
2.58977
2.5167
2.56004
2.60091
2.55072
2.51908
2.53985
2.54433
2.51916
2.54782
2.4772
2.52774
2.52461
2.55664
2.54839
2.53252
2.52108
2.56139
2.50622
2.57144
2.595
2.40059
2.60096
2.52914
2.54307
2.50625
2.42745
2.24351
2.20773
2.18403
2.20841
2.23365
2.22713
2.22001
2.20621
2.27415
2.24482
2.31215
2.40234
2.3487
2.50456
2.56128
2.53192
2.57833
2.579
2.51745
2.55668
2.51872
2.55869
2.52924
2.56901
2.58857
2.55608
2.44219
2.60417
2.68622
2.67047
2.56466
2.75733
2.54047
2.62521
2.75705
2.54744
2.55266
2.50617
2.56524
2.64347
2.65627
2.77658
2.62928
2.61059
2.75801
2.66012
2.63405
2.554
2.65219
2.71308
2.78151
2.6658
2.62787
2.54502
2.63342
2.53457
2.5991
2.64326
2.63452
2.5091
2.65147
2.56192
2.60976
2.7528
2.55625
2.46726
2.54339
2.53338
2.6588
2.5122
2.43222
2.63721
2.56827
2.51435
2.62816
2.57309
2.70684
2.66448
2.54992
2.39221
2.63768
2.43385
2.6673
2.65815
2.60386
2.73926
2.63509
2.53296
2.63556
2.50549
2.5481
2.67788
2.56357
2.54627
2.66551
2.54616
2.6141
2.76764
2.53526
2.60314
2.75011
2.54261
2.70212
2.76152
2.52933
2.62853
2.67155
2.52322
2.64473
2.63218
2.5391
2.66739
2.53201
2.48485
2.65749
2.61926
2.56742
2.69036
2.67081
2.51556
2.65344
2.54382
2.69325
2.67453
2.55308
2.47025
2.66007
2.53325
2.69786
2.65632
2.54296
2.59445
2.52673
-996.447
2.65025
2.55181
2.55774
2.68634
2.67883
2.37956
2.69765
2.55018
2.53399
2.75317
2.5217
2.64484
2.50833
2.28082
2.23685
2.21159
2.31099
2.23786
2.35947
2.20606
2.2744
2.23135
2.19977
2.19649
2.19993
2.15867
2.1471
2.16352
2.11463
2.10656
2.09363
2.20137
2.07721
2.07339
2.07677
2.08162
2.07699
2.07668
2.09123
2.04487
2.05595
2.06017
2.05173
2.05923
2.08365
2.08345
2.07702
2.07675
2.08063
2.07637
2.07878
2.08646
2.07558
2.07141
2.06686
2.06016
2.05135
2.11459
2.08325
2.07641
2.08312
2.07358
2.08006
2.07531
2.0777
2.08251
2.04444
2.07123
2.05956
2.05144
2.06128
2.07925
2.08299
2.07692
2.07523
2.08128
2.07396
2.08984
2.08264
2.07345
2.05059
2.04736
2.05547
2.0693
2.04956
2.17344
2.07645
2.0832
2.16396
2.06881
2.07493
2.07373
2.06357
2.05404
2.05052
2.03847
2.05809
2.11554
2.07765
2.07654
2.08217
2.08333
2.07654
2.08377
2.06879
2.09014
2.05494
2.06848
2.08099
2.05997
2.17333
2.15964
2.07464
2.08242
2.07773
2.07716
2.07335
2.04967
2.06434
2.05114
2.11451
2.17485
2.07637
2.08199
2.08052
2.0783
2.08839
2.05089
2.10073
2.05085
2.04847
2.04901
2.05606
2.06263
2.17531
2.07584
2.0746
2.08435
2.08191
2.07172
2.088
2.08577
2.05028
2.04863
2.06227
2.06912
2.06048
2.14474
2.07722
2.08032
2.07633
2.07664
2.08391
2.07331
2.08587
2.04835
2.05507
2.05974
2.04732
2.04872
2.18632
2.07771
2.07498
2.08309
2.08269
2.06997
2.07792
2.09204
2.04278
2.0545
2.04856
2.04888
2.04558
2.11621
2.08471
2.07663
2.08011
2.07386
2.08617
2.08009
2.0798
2.08165
2.04489
2.04785
2.04803
2.06025
2.05735
2.10124
2.07994
2.07735
2.07547
2.07806
2.07689
2.09264
2.06542
2.07902
2.05095
2.04862
2.06024
2.0423
2.05934
2.19462
2.07533
2.0757
2.0831
2.07163
2.08497
2.08446
2.07558
2.08041
2.05113
2.0498
2.07743
2.18859
2.07605
2.08083
2.07567
2.08011
2.07681
2.07796
2.07629
2.05572
2.06306
2.05084
2.05487
2.05395
2.17644
2.07685
2.08021
2.07823
2.07455
2.08734
2.07974
2.13003
2.04566
2.10541
2.05761
2.18329
2.07654
2.0758
2.08198
2.08009
2.07609
2.08649
2.09126
2.07472
2.04915
2.04364
2.0674
2.19861
2.07377
2.07707
2.0819
2.08432
2.07442
2.06585
2.08893
2.06558
2.07054
2.06227
2.05178
2.20039
2.07585
2.07718
2.07681
2.07785
2.08078
2.09249
2.07767
2.05498
2.04577
2.05223
2.05475
2.05183
2.18033
2.07623
2.08058
2.08175
2.07441
2.07897
2.08471
2.12953
2.05036
2.05293
2.05778
2.05535
2.17679
2.0757
2.07745
2.11941
2.12008
2.08901
2.06761
2.09899
2.21623
2.6576
2.40411
2.38415
2.5644
2.76227
2.67856
2.56447
2.67171
2.56865
2.53794
2.45352
2.38258
2.20844
2.18374
2.30086
2.23473
2.19214
2.21333
2.27911
2.15308
2.2485
2.20916
2.20957
2.26803
2.2326
2.21506
2.22261
2.32109
2.15401
2.25494
2.24432
2.27717
2.33224
2.28815
2.39641
2.32221
2.38227
2.44256
2.41403
2.54187
2.45292
2.55084
2.47683
2.52128
2.45459
2.53986
2.48505
2.51369
2.45051
2.54799
2.48421
2.51936
2.47551
2.51943
2.48482
2.51347
2.44289
2.57129
2.46195
2.52772
2.46926
2.52806
2.47884
2.51469
2.45195
2.54529
2.47973
2.52557
2.48425
2.5141
2.46451
2.52942
2.43694
2.56137
2.47092
2.53441
2.46515
2.54079
2.45932
2.52915
2.44928
2.54529
2.47451
2.5305
2.44656
2.54732
2.46261
2.54095
2.44793
2.54466
2.46959
2.53597
2.47616
2.5172
2.47422
2.52992
2.44927
2.55509
2.45212
2.54101
2.47943
2.51216
2.46086
2.54341
2.43552
2.56253
2.46569
2.53413
2.47106
2.52259
2.46303
2.5453
2.43689
2.55734
2.4594
2.53964
2.4654
2.53351
2.48856
2.51215
2.44842
2.54239
2.4729
2.53358
2.45013
2.54143
2.47205
2.53132
2.45539
2.5434
2.47307
2.52541
2.48042
2.5131
2.4698
2.53005
2.44028
2.56375
2.49295
2.50491
2.466
2.52682
2.47051
2.53433
2.4515
2.54731
2.48042
2.51811
2.4818
2.51331
2.46811
2.52968
2.45486
-996.457
2.47593
2.52892
2.46784
2.53685
2.44944
2.54001
2.45648
2.54088
2.46221
2.54618
2.47218
2.52031
2.48027
2.51523
2.45435
2.54442
2.45643
2.54695
2.48715
2.5082
2.46125
2.53787
2.44091
2.56516
2.4533
2.54231
2.48598
2.50848
2.45897
2.52997
2.45334
2.68447
2.53334
2.63475
2.68068
2.53945
2.69909
2.59629
2.5731
2.66588
2.6323
2.53924
2.6394
2.54005
2.7478
2.67722
2.59739
2.64522
2.64769
2.57137
2.5445
2.68513
2.65814
2.51849
2.66411
2.54598
2.60354
2.60676
2.5085
2.65804
2.6785
2.52515
2.61752
2.68208
2.58173
2.6664
2.65114
2.52878
2.62244
2.56608
2.7293
2.50217
2.54313
2.51495
2.64188
2.55725
2.64607
2.71949
2.5538
2.60906
2.77004
2.53811
2.53283
2.68126
2.52896
2.62641
2.64344
2.5273
2.67452
2.63637
2.5367
2.63826
2.48913
2.56038
2.67174
2.56598
2.55701
2.64691
2.55526
2.51688
2.78731
2.53376
2.6967
2.75655
2.52878
2.63079
2.67353
2.54453
2.61543
2.65531
2.52946
2.65396
2.62772
2.55376
2.64093
2.59682
2.75988
2.63894
2.74041
2.76295
2.67459
2.61802
2.56234
2.65486
2.56535
2.53705
2.64216
2.63571
2.51626
2.66246
2.6215
2.61994
2.63983
2.58098
2.61156
2.76326
2.53617
2.61356
2.77637
2.54421
2.60225
2.67944
2.51522
2.63647
2.6486
2.52412
2.67233
2.63349
2.54238
2.63523
2.65705
2.63173
2.64808
2.56323
2.55056
2.67853
2.54753
2.57818
2.63869
2.5552
2.61073
2.75926
2.628
2.61183
2.66397
2.50959
2.52661
2.51045
2.56272
2.63711
2.52486
2.59078
2.5951
2.61783
2.51138
2.65094
2.5448
2.61706
2.67933
2.51995
2.56226
2.6807
2.52382
2.59932
2.6532
2.55449
2.6688
2.63747
2.5383
2.64426
2.63535
2.63976
2.64615
2.56721
2.54977
2.68824
2.66533
2.51017
2.65321
2.48034
2.52273
2.76206
2.54295
2.62209
2.68097
2.53334
2.70207
2.66285
2.53452
2.72205
2.65308
2.53076
2.65594
2.63804
2.60502
2.62939
2.67944
2.78432
2.6614
2.63903
2.53565
2.69419
2.67863
2.79321
2.65071
2.63802
2.5421
2.62909
2.49178
2.56157
2.69454
2.67242
2.52388
2.63202
2.5198
2.56781
2.66442
2.52745
2.63335
2.69415
2.55146
2.60598
2.65602
2.60159
2.74219
2.6553
2.58905
2.66094
2.62372
2.56274
2.50836
2.51022
2.48253
2.50045
2.47618
2.50161
2.46473
2.53795
2.48231
2.54066
2.44848
2.44958
2.47505
2.43896
2.46389
2.54113
2.4735
2.5241
2.50185
2.50178
2.4597
2.52935
2.46178
2.46781
2.49859
2.49849
2.45279
2.54082
2.47089
2.53295
2.45221
2.54232
2.46854
2.53044
2.45086
2.54715
2.4694
2.53505
2.47608
2.51795
2.47053
2.52839
2.45361
2.55323
2.4854
2.51071
2.47716
2.52081
2.46642
2.52713
2.44846
2.55069
2.4684
2.53553
2.48419
2.51473
2.46944
2.52423
2.45373
2.55081
2.47382
2.52458
2.4722
2.53344
2.49318
2.49226
2.45191
2.54838
2.48019
2.52318
2.47066
2.52746
2.48938
2.50438
2.45508
2.54939
2.47511
2.52381
2.477
2.52186
2.48857
2.50865
2.44174
2.56192
2.49507
2.50044
2.47612
2.52179
2.49269
2.50658
2.46553
2.52594
2.47556
2.52959
2.46556
2.53314
2.48118
2.51958
2.4482
2.54268
2.48727
2.51774
2.48189
2.52518
2.49027
2.49986
2.45255
2.54195
2.48682
2.51694
2.46595
2.53353
2.48099
2.51657
2.45054
2.54403
2.48475
2.51918
2.47375
2.51897
2.49044
2.51318
2.45053
2.55137
2.49688
2.50466
2.47456
2.51367
2.48591
2.5184
2.4521
2.54229
2.47449
2.53332
2.47649
2.51857
2.48257
2.51669
2.44925
-996.456
2.47356
2.53472
2.47541
2.52095
2.45401
2.54294
2.46921
2.52658
2.46994
2.53211
2.46425
2.52811
2.46345
2.5413
2.49083
2.5076
2.4799
2.52031
2.4777
2.51408
2.46062
2.53923
2.45671
2.54932
2.48356
2.51156
2.48017
2.51374
2.46271
2.53624
2.44848
2.55119
2.46392
2.53907
2.48819
2.50639
2.46154
2.54135
2.44879
2.54582
2.4749
2.5278
2.48229
2.52079
2.48514
2.50311
2.46406
2.53714
2.46848
2.53405
2.47588
2.51945
2.47135
2.52602
2.46982
2.52888
2.46142
2.54224
2.48164
2.51126
2.46322
2.53803
2.45905
2.54905
2.47824
2.51477
2.47635
2.52101
2.47227
2.52299
2.4481
2.55426
2.46081
2.54443
2.47379
2.51458
2.46191
2.53888
2.44251
2.55641
2.47516
2.5284
2.47103
2.52886
2.49993
2.49192
2.46405
2.52283
2.44103
2.57873
2.46226
2.52627
2.47402
2.52505
2.45486
2.5457
2.47379
2.52384
2.46949
2.52787
2.46397
2.54063
2.47764
2.52971
2.48972
2.49564
2.47221
2.52616
2.47493
2.52913
2.43186
2.56318
2.46897
2.53104
2.47041
2.5272
2.4733
2.53098
2.47886
2.51995
2.47426
2.52013
2.46927
2.54073
2.49109
2.50003
2.47197
2.52026
2.47501
2.53044
2.4698
2.52326
2.47058
2.5286
2.45372
2.54749
2.47255
2.52962
2.47728
2.52099
2.49013
2.50386
2.45342
2.55706
2.50637
2.48515
2.48586
2.5117
2.48394
2.51255
2.45107
2.54169
2.48261
2.51737
2.47317
2.5255
2.47584
2.51695
2.45542
2.54819
2.48184
2.51908
2.48472
2.51994
2.47309
2.51247
2.3997
2.52359
2.46514
2.53339
2.48946
2.50941
2.47233
2.52641
2.39349
2.53008
2.46596
2.53125
2.55482
2.53099
2.63075
2.64731
2.53673
2.51028
2.48159
2.64392
2.75723
2.53425
2.62693
2.68088
2.53175
2.70487
2.65485
2.50896
2.67714
2.63372
2.54306
2.63973
2.65881
2.77924
2.66444
2.63825
2.51146
2.60011
2.55112
2.5596
2.68424
2.67429
2.51184
2.65873
2.54214
2.61175
2.77127
2.53805
2.60719
2.72395
2.52799
2.59074
2.68123
2.49919
2.66034
2.65291
2.52928
2.65429
2.63496
2.55119
2.63026
2.64737
2.63014
2.63025
2.57109
2.56642
2.68015
2.54876
2.55587
2.66448
2.5487
2.59937
2.68767
2.54454
2.69773
2.76009
2.53332
2.6164
2.67925
2.51613
2.6472
2.59624
2.59236
2.52017
2.56199
2.58768
2.65384
2.61721
2.46863
2.4953
2.50351
2.48124
2.47931
2.52424
2.49708
2.54421
2.47155
2.4854
2.4892
2.51624
2.47456
2.5146
2.5077
2.52213
2.4735
2.4966
2.4891
2.51618
2.44249
2.47181
2.48324
2.54777
2.48292
2.48333
2.48067
2.53146
2.46761
2.43818
2.47456
2.53022
2.50769
2.48637
2.46378
2.45796
2.47736
2.51791
2.47091
2.52646
2.43616
2.56826
2.46312
2.53494
2.47687
2.51692
2.4814
2.51752
2.43406
2.64637
2.46994
2.52759
2.46816
2.52596
2.45467
2.46955
2.45933
2.54419
2.45582
2.54214
2.49969
2.49511
2.4783
2.51949
2.42053
2.50203
2.47873
2.52013
2.48289
2.5184
2.47399
2.52202
2.39964
2.52418
2.4652
2.5328
2.45596
2.46624
2.46359
2.46213
2.46642
2.46458
2.53437
2.46829
2.55049
2.462
2.41669
2.48018
2.53643
2.46441
2.53194
2.46593
2.52803
2.42055
2.50242
2.48045
2.52327
2.46539
2.52819
2.47001
2.53497
2.4496
2.54334
2.47108
2.5327
2.46534
2.53674
2.49786
2.49141
2.40484
2.51922
2.46327
2.53545
2.49022
2.5092
2.48183
2.51799
2.40125
2.5206
2.48089
2.52276
2.53222
2.53689
2.48168
2.51681
2.40283
2.52148
2.46486
2.53204
2.54199
2.53623
2.47704
2.51912
2.40127
2.52265
2.46502
2.53185
2.45266
2.55253
2.46
2.53244
2.39395
-996.518
2.51375
2.46631
2.58097
2.48309
2.47221
2.422
2.49922
2.47287
2.52062
2.46832
2.57973
2.47985
2.46465
2.45455
2.47023
2.46882
2.52633
2.46429
2.54906
2.50219
2.56438
2.4566
2.54849
2.47931
2.51356
2.47212
2.56479
2.47345
2.48748
2.47037
2.53508
2.47921
2.51128
2.47097
2.55774
2.46808
2.50255
2.46954
2.53198
2.47886
2.51748
2.46192
2.57115
2.47822
2.48802
2.47747
2.52258
2.47704
2.52358
2.45986
2.58458
2.47953
2.47265
2.4806
2.44379
2.48575
2.59429
2.46138
2.58451
2.4653
2.47133
2.46837
2.54026
2.46566
2.52488
2.46691
2.56504
2.46752
2.50126
2.45845
2.46967
2.46726
2.52255
2.47703
2.51658
2.42207
2.50063
2.48634
2.51923
2.46438
2.5362
2.47264
2.52502
2.44688
2.55765
2.47343
2.51928
2.46632
2.52611
2.48422
2.52263
2.45008
2.54221
2.47129
2.53238
2.46388
2.52974
2.48518
2.5138
2.43036
2.56839
2.4862
2.51383
2.46756
2.53539
2.4813
2.51299
2.41847
2.58422
2.46564
2.54125
2.47199
2.5181
2.46671
2.52864
2.41971
2.57895
2.486
2.51727
2.47779
2.53065
2.50299
2.48601
2.44889
2.55146
2.44948
2.54798
2.4672
2.53468
2.46284
2.53432
2.45011
2.54163
2.45947
2.54373
2.4688
2.52506
2.46163
2.54234
2.44011
2.55338
2.4693
2.53581
2.4651
2.52951
2.46086
2.53594
2.42149
2.50147
2.4668
2.53841
2.47316
2.51983
2.47153
2.52764
2.3932
2.53062
2.45658
2.53975
2.45924
2.44236
2.48561
2.45814
2.46769
2.47672
2.51661
2.45293
2.58949
2.47095
2.48485
2.4522
2.46893
2.48214
2.59526
2.47162
2.56622
2.47498
2.49731
2.46821
2.52194
2.46721
2.53998
2.48374
2.53084
2.469
2.5154
2.46098
2.44609
2.46543
2.53315
2.46541
2.37651
2.396
2.52758
2.54441
2.52961
2.4588
2.47158
2.5467
2.5207
2.39814
2.52526
2.55571
2.51847
2.48128
2.5178
2.48052
2.51856
2.39237
2.5308
2.48036
2.51733
2.45507
2.54408
2.47941
2.51812
2.39474
2.47321
2.53021
2.47427
2.54667
2.48626
2.48997
2.48061
2.51177
2.4661
2.53932
2.4723
2.56392
2.47407
2.48929
2.46593
2.44793
2.47988
2.51558
2.46155
2.57116
2.48747
2.47569
2.47005
2.45374
2.47665
2.59947
2.47218
2.55443
2.48185
2.48191
2.46105
2.4666
2.47782
2.59659
2.47955
2.55937
2.4914
2.4679
2.47794
2.51901
2.49222
2.50769
2.47546
2.5599
2.48594
2.47599
2.47253
2.45898
2.48562
2.58017
2.4771
2.55856
2.47907
2.48548
2.47504
2.44494
2.49076
2.58342
2.47734
2.55556
2.49268
2.47247
2.47091
2.45223
2.47814
2.59853
2.47589
2.55273
2.46671
2.501
2.46936
2.45585
2.47671
2.59465
2.48231
2.55244
2.48135
2.48601
2.47406
2.44468
2.44104
2.47704
2.4602
2.53784
2.42048
2.57834
2.46244
2.54897
2.47117
2.51451
2.47406
2.5254
2.42092
2.58253
2.47244
2.52665
2.46661
2.52706
2.46596
2.54042
2.43028
2.5659
2.46411
2.53677
2.46321
2.52857
2.46916
2.53046
2.41932
2.58314
2.47872
2.52679
2.47309
2.51398
2.47948
2.51993
2.3908
2.53172
2.47301
2.52565
2.45968
2.53823
2.47977
2.51995
2.39121
2.53273
2.47483
2.52394
2.53735
2.53639
2.48277
2.51617
2.39422
2.52939
2.48176
2.52105
2.5488
2.52108
2.47964
2.51962
2.40289
2.51938
2.48007
2.51817
2.4424
2.55584
2.482
2.51962
2.39164
2.45192
2.4655
2.46032
2.58253
2.48334
2.46776
2.47444
2.45182
2.49041
2.58398
2.45948
2.57488
2.38894
2.49656
2.46312
2.53408
2.46124
2.53267
2.46264
2.54773
2.43735
2.54968
2.46974
2.53407
2.46635
2.52955
2.46122
2.54752
2.44147
2.47474
2.4659
2.53286
2.49134
-996.497
2.46673
2.53193
2.39823
2.52549
2.47574
2.52172
2.47767
2.45034
2.46509
2.52797
2.39182
2.44265
2.4749
2.47322
2.55979
2.46174
2.49663
2.46966
2.45809
2.46621
2.52733
2.4798
2.52088
2.43258
2.49624
2.48147
2.51912
2.47298
2.51661
2.46219
2.54146
2.4303
2.56896
2.45798
2.54038
2.46511
2.5286
2.46199
2.53689
2.44191
2.56609
2.46542
2.52751
2.46532
2.52219
2.47767
2.53292
2.43579
2.56904
2.45739
2.53446
2.45528
2.54968
2.47136
2.52773
2.4422
2.55626
2.4635
2.53452
2.47646
2.5993
2.46735
2.56185
2.46349
2.49164
2.47202
2.45807
2.46715
2.53753
2.47363
2.63224
2.43971
2.45241
2.45898
2.53362
2.46546
2.53941
2.47527
2.63226
2.46346
2.50996
2.47493
2.51671
2.4991
2.47615
2.47975
2.57494
2.48067
2.46404
2.47375
2.46438
2.46575
2.53287
2.46558
2.54448
2.51689
2.47188
2.45825
2.53978
2.59525
2.56755
2.63418
2.51228
2.54069
2.54093
2.53504
2.60642
2.67795
2.55969
2.61315
2.75402
2.53274
2.62367
2.68148
2.52654
2.71026
2.68632
2.52519
2.63018
2.53504
2.56017
2.65792
2.66032
2.75307
2.67195
2.62515
2.55187
2.64621
2.61225
2.5844
2.62784
2.57332
2.50294
2.52825
2.3773
2.54655
2.49939
2.4939
2.49661
2.52722
2.49385
2.61325
2.55658
2.60655
2.76018
2.51448
2.55679
2.68969
2.52808
2.51758
2.62349
2.58274
2.63832
2.5807
2.54505
2.64214
2.55591
2.50817
2.67418
2.46349
2.52227
2.77003
2.53793
2.61777
2.67949
2.52888
2.63263
2.63344
2.53191
2.67271
2.62285
2.55021
2.63327
2.49352
2.55576
2.60117
2.55706
2.63118
2.66598
2.54808
2.61007
2.72952
2.51957
2.59109
2.67813
2.52795
2.7025
2.63752
2.56884
2.71404
2.50134
2.52548
2.6534
2.62661
2.63558
2.62974
2.57843
2.55944
2.68217
2.66
2.48519
2.61943
2.54475
2.51428
2.77545
2.50507
2.65743
2.67238
2.51256
2.64786
2.64393
2.53462
2.66562
2.49899
2.52112
2.65127
2.61886
2.48966
2.70213
2.53315
2.62102
2.67251
2.55213
2.60587
2.76341
2.51599
2.44703
2.66181
2.54654
2.50228
2.38713
2.31133
2.36277
2.30313
2.5243
2.50828
2.55043
2.67978
2.55097
2.50199
2.71422
2.55136
2.52316
2.76327
2.5069
2.65085
2.67576
2.50845
2.65563
2.5242
2.56788
2.5029
2.53783
2.46781
2.4854
2.50341
2.50653
2.49982
2.56934
2.5297
2.4496
2.54543
2.46907
2.52984
2.3913
2.46542
2.53176
2.47637
2.56393
2.47034
2.4909
2.47086
2.45081
2.44198
2.55138
2.46883
2.55986
2.46596
2.50104
2.47249
2.45119
2.46471
2.49466
2.3669
2.51422
2.39813
2.52622
2.56015
2.5134
2.45802
2.53974
2.48091
2.51841
2.40135
2.52161
2.5621
2.51213
2.46547
2.53832
2.4833
2.51128
2.39038
2.53263
2.47977
2.51766
2.44718
2.55123
2.48056
2.51833
2.39166
2.48311
2.52447
2.47359
2.5404
2.486
2.49599
2.47859
2.43046
2.48588
2.50058
2.47527
2.56981
2.46346
2.43128
2.4594
2.5355
2.44768
2.46725
2.46338
2.53719
2.39983
2.52376
2.46672
2.53115
2.4607
2.53725
2.47128
2.52766
2.39213
2.53092
2.39192
2.47067
2.54703
2.46223
2.51762
2.43026
2.49203
2.46731
2.52558
2.47272
2.5484
2.46498
2.43509
2.47023
2.53058
2.46259
2.53449
2.47677
2.52172
2.43065
2.48835
2.47385
2.52893
2.48073
2.51954
2.46918
2.5301
2.39336
2.52302
2.46231
2.53525
2.49727
2.57698
2.47537
2.52432
2.44554
2.54216
2.46312
2.54116
2.47596
2.51836
2.47355
2.52439
2.42295
2.57638
2.46808
2.54424
2.49025
2.49425
2.47145
2.5273
2.42902
2.65151
2.46812
2.52952
-996.528
2.52185
2.47383
2.53585
2.42072
2.49239
2.48774
2.5157
2.47875
2.5154
2.4715
2.53477
2.39006
2.52999
2.47359
2.51999
2.51021
2.56471
2.46353
2.5349
2.42873
2.56963
2.46989
2.53499
2.48465
2.5074
2.46464
2.54099
2.42272
2.57545
2.4821
2.52486
2.4901
2.49836
2.46553
2.5363
2.42526
2.56669
2.48723
2.5932
2.46576
2.53922
2.47607
2.62054
2.46737
2.51808
2.47539
2.43285
2.49155
2.59715
2.46256
2.56054
2.47679
2.4906
2.46556
2.44577
2.46218
2.54664
2.46813
2.52657
2.42404
2.49728
2.4594
2.53379
2.4602
2.54186
2.45914
2.54147
2.4162
2.5024
2.46846
2.53802
2.47302
2.5177
2.46419
2.53523
2.39084
2.53343
2.46692
2.52885
2.44842
2.55098
2.47527
2.52308
2.39405
2.48437
2.50639
2.47581
2.55717
2.46368
2.50893
2.43664
2.48417
2.47931
2.51223
2.47203
2.56144
2.46509
2.50675
2.48304
2.43262
2.46547
2.52865
2.47807
2.53146
2.43114
2.55996
2.47233
2.53002
2.46322
2.52847
2.46338
2.38335
2.39512
2.52848
2.46443
2.53274
2.44509
2.55464
2.48042
2.51686
2.39314
2.48143
2.51065
2.4656
2.57626
2.47776
2.48423
2.46435
2.46165
2.47173
2.51687
2.4809
2.56298
2.47349
2.48061
2.45831
2.46499
2.48645
2.58827
2.46162
2.57858
2.51743
2.67069
2.53848
2.61553
2.77573
2.53062
2.5261
2.68388
2.51718
2.61799
2.50076
2.54315
2.64442
2.54514
2.73366
2.63037
2.5003
2.55721
2.68428
2.67449
2.50347
2.6717
2.54207
2.51789
2.7628
2.50845
2.57695
2.68134
2.51726
2.645
2.65046
2.52773
2.65759
2.62538
2.5581
2.65057
2.57652
2.52973
2.64256
2.6415
2.51403
2.52184
2.47133
2.64958
2.7673
2.51947
2.63108
2.68824
2.52507
2.6349
2.6443
2.52739
2.66872
2.62285
2.55747
2.62583
2.49963
2.55572
2.68633
2.67377
2.50169
2.58779
2.548
2.61541
2.74973
2.53387
2.6199
2.76889
2.51003
2.64023
2.68827
2.52613
2.63214
2.55279
2.54067
2.6455
2.56889
2.62518
2.61709
2.60735
2.54458
2.68891
2.67277
2.51202
2.45342
2.16526
2.51623
2.58316
2.63423
2.64395
2.57461
2.54107
2.6845
2.55745
2.56935
2.50425
2.50992
2.49459
2.50164
2.38337
2.63486
2.59625
2.56341
2.69849
2.74579
2.55267
2.67801
2.55439
2.62083
2.68157
2.46307
2.52178
2.75073
2.53653
2.72071
2.62425
2.50525
2.57331
2.50751
2.55412
2.47361
2.5648
2.47769
2.48218
2.45456
2.46844
2.48379
2.60874
2.48155
2.52044
2.47405
2.50366
2.47935
2.44278
2.46452
2.54084
2.47053
2.62597
2.48591
2.49112
2.47715
2.5137
2.48022
2.52567
2.47093
2.56542
2.4833
2.48488
2.46717
2.44238
2.46456
2.53303
2.47389
2.52654
2.43492
2.48625
2.46463
2.52931
2.47032
2.52917
2.46068
2.54341
2.41882
2.57639
2.47587
2.52924
2.46498
2.52548
2.47589
2.52946
2.41938
2.57751
2.47148
2.52225
2.47059
2.5282
2.47311
2.52598
2.39423
2.53532
2.4821
2.50986
2.48326
2.51535
2.48172
2.55075
2.44298
2.5228
2.48781
2.50983
2.46776
2.45526
2.48182
2.51649
2.39536
2.46437
2.54654
2.48269
2.53205
2.46867
2.50565
2.41726
2.49897
2.4655
2.52669
2.47308
2.44397
2.4381
2.48513
2.46212
2.54166
2.4862
2.51686
2.491
2.5019
2.33587
2.33584
2.48312
2.47341
2.56982
2.47528
2.47622
2.46942
2.40388
2.41183
2.55927
2.47314
2.52271
2.39757
2.52576
2.47562
2.52105
2.45296
2.54561
2.48351
2.52142
2.39527
2.52148
2.48121
2.5244
2.53709
2.53065
2.50117
2.57505
2.39425
2.52911
2.45857
2.53837
2.48626
2.51482
2.48391
2.51295
2.4004
2.52937
-996.443
2.52047
2.49589
2.35697
2.15826
2.23047
2.20442
2.19772
2.20859
2.22677
2.09311
2.24366
2.20269
2.23309
2.14963
2.24534
2.19221
2.18891
2.22332
2.23409
2.2292
2.18712
2.18769
2.32244
2.2376
2.20217
2.19037
2.28832
2.24053
2.22304
2.20843
2.25467
2.23708
2.24976
2.22678
2.28904
2.31658
2.21949
2.24881
2.29442
2.33152
2.29292
2.39172
2.36801
2.39657
2.40933
2.42531
2.50983
2.47583
2.53128
2.50799
2.47663
2.40067
2.52208
2.48074
2.51697
2.47516
2.53012
2.48034
2.51212
2.31772
2.48667
2.50377
2.49098
2.53732
2.47801
2.50184
2.36402
2.55531
2.49181
2.5017
2.47625
2.54546
2.49258
2.48288
2.46196
2.46217
2.49268
2.58125
2.47267
2.55217
2.48578
2.48613
2.48002
2.44263
2.48018
2.59479
2.48183
2.55001
2.50071
2.47079
2.48315
2.52169
2.50651
2.56203
2.47828
2.53544
2.47514
2.49621
2.48192
2.51852
2.42211
2.3955
2.32458
2.28823
2.28606
2.31716
2.25857
2.33715
2.23689
2.24361
2.22771
2.2163
2.22955
2.15759
2.19695
2.19953
2.47173
2.48985
2.61266
2.63105
2.62632
2.65712
2.50104
2.53106
2.47998
2.5179
2.44397
2.47675
2.44478
2.54795
2.43756
2.47286
2.4707
2.4457
2.39921
2.3981
2.43082
2.38198
2.38282
2.39149
2.35338
2.40809
2.40068
2.35642
2.40313
2.38236
2.45869
2.40308
2.44557
2.391
2.49161
2.53102
2.6006
2.54808
2.52744
2.50291
2.56622
2.42633
2.66524
2.51375
2.56264
2.5073
2.49203
2.51664
2.5953
2.56751
2.55949
2.51721
2.38114
2.54129
2.54902
2.52465
2.5137
2.64931
2.51384
2.59537
2.5084
2.54007
2.51777
2.46731
2.50562
2.58339
2.60086
2.48606
2.59387
2.51427
2.5651
2.46231
2.60934
2.50969
2.49084
2.50664
2.56673
2.51012
2.55292
2.54913
2.54389
2.69379
2.55243
2.51713
2.51437
2.48907
2.51431
2.55331
2.5136
2.45401
2.51887
2.51835
2.50742
2.4909
2.50826
2.56287
2.5315
2.54024
2.53748
2.51688
2.55706
2.40284
2.60449
2.49049
2.509
2.44325
2.54704
2.49581
2.50448
2.43774
2.64254
2.50757
2.57295
2.5122
2.55464
2.49827
2.53304
2.58165
2.56402
2.58741
2.43006
2.65109
2.51223
2.56641
2.51039
2.5617
2.51383
2.55027
2.54857
2.53908
2.5257
2.40592
2.52575
2.54387
2.53074
2.52906
2.54658
2.50286
2.58371
2.53417
2.53514
2.50696
2.49875
2.50788
2.56044
2.4933
2.5323
2.46227
2.51286
2.4963
2.5021
2.4913
2.5066
2.43403
2.26856
2.14702
2.22527
2.20609
2.25815
2.23743
2.24091
2.20695
2.21095
2.26761
2.23487
2.22882
2.23871
2.21308
2.23954
2.2465
2.25169
2.35346
2.32772
2.27797
2.32813
2.39867
2.36062
2.42424
2.38515
2.53816
2.45076
2.54909
2.46404
2.52897
2.47032
2.52856
2.3888
2.53323
2.48266
2.51572
2.48484
2.51427
2.47936
2.519
2.41451
2.50862
2.38952
2.46238
2.5506
2.47091
2.51801
2.47159
2.52348
2.47018
2.5243
2.46588
2.57195
2.47077
2.48923
2.37137
2.4748
2.46816
2.53177
2.47488
2.52738
2.43173
2.48168
2.46823
2.53552
2.48075
2.51836
2.46908
2.52574
2.3933
2.52825
2.46718
2.52893
2.47186
2.52825
2.4742
2.54901
2.36929
2.5295
2.54812
2.52591
2.48275
2.51699
2.47621
2.5218
2.39779
2.52611
2.55257
2.55296
2.47956
2.57115
2.47082
2.52465
2.33685
2.21466
2.23339
2.22717
2.23245
2.21161
2.1983
2.28345
2.25721
2.20298
2.19941
2.24219
2.15909
2.14395
2.16149
2.11493
2.1127
2.2216
2.1547
2.07524
2.08026
2.06571
2.12515
2.06522
2.07596
2.06779
2.05486
2.05161
2.17261
2.07692
2.07649
2.08145
2.07781
2.08128
2.07142
2.09408
2.0445
2.04446
2.0435
2.04929
2.05853
2.11713
2.08191
2.07723
2.08271
2.07491
2.08274
2.07699
2.07216
2.10627
2.05088
2.06028
-996.95
2.05809
2.0365
2.17067
2.0768
2.07679
2.08109
2.08291
2.07083
2.09271
2.07714
2.051
2.0629
2.04373
2.10729
2.09755
2.07834
2.07665
2.08199
2.0827
2.07592
2.06264
2.16329
2.04859
2.04398
2.04871
2.04577
2.05137
2.10352
2.11454
2.07586
2.07679
2.07584
2.09407
2.0626
2.09505
2.06494
2.05315
2.0576
2.05244
2.05672
2.04878
2.10298
2.15793
2.07661
2.08122
2.07594
2.10795
2.05792
2.07687
2.06923
2.05344
2.05787
2.04797
2.0448
2.17236
2.07682
2.07676
2.07611
2.08782
2.0758
2.07198
2.0834
2.04441
2.06297
2.04175
2.05539
2.04138
2.20451
2.07673
2.08188
2.07578
2.08216
2.0755
2.07809
2.08258
2.07915
2.05578
2.06046
2.04458
2.04775
2.15936
2.0758
2.07671
2.08189
2.07615
2.07467
2.08119
2.07564
2.05611
2.0547
2.05514
2.04962
2.0552
2.10605
2.07895
2.07669
2.08181
2.07584
2.08412
2.06837
2.08722
2.06411
2.06077
2.06368
2.04784
2.06473
2.0491
2.09092
2.08365
2.07714
2.07619
2.07749
2.08064
2.09388
2.06104
2.07693
2.06579
2.05111
2.05653
2.05751
2.03613
2.10417
2.08403
2.07705
2.07647
2.08219
2.07689
2.08191
2.06644
2.09014
2.05572
2.05614
2.05448
2.08067
2.12059
2.08037
2.07694
2.07669
2.0818
2.07666
2.07489
2.0823
2.08788
2.08084
2.05114
2.04972
2.06816
2.1154
2.07659
2.07673
2.0816
2.07607
2.10317
2.12949
2.08582
2.05997
2.05591
2.04865
2.04137
2.04556
2.1949
2.07628
2.07701
2.0817
2.09589
2.06817
2.07783
2.07094
2.06
2.10702
2.21098
2.25339
2.15203
2.15419
2.16404
2.18425
2.19117
2.24036
2.23064
2.19171
2.19387
2.3032
2.1523
2.22953
2.19762
2.26579
2.23069
2.23974
2.20513
2.20799
2.27269
2.22814
2.20837
2.21079
2.27731
2.23089
2.25754
2.23078
2.27841
2.2384
2.23154
2.2433
2.29731
2.31809
2.30411
2.39437
2.36537
2.37683
2.42305
2.41081
2.52932
2.48625
2.50591
2.47686
2.52357
2.40393
2.62824
2.48204
2.49588
2.48811
2.50649
2.48698
2.50447
2.49787
2.50212
2.48717
2.51586
2.49881
2.50135
2.4874
2.50506
2.39806
2.52499
2.49115
2.58957
2.49156
2.61602
2.48726
2.58723
2.53341
2.50923
2.48864
2.51524
2.46581
2.53044
2.48061
2.54202
2.48991
2.48165
2.486
2.51762
2.48791
2.50863
2.48173
2.54102
2.58554
2.48259
2.51526
2.39266
2.48577
2.51463
2.47772
2.54248
2.58344
2.47749
2.5212
2.38808
2.48983
2.50792
2.48612
2.55524
2.56983
2.55924
2.51595
2.47459
2.52534
2.49475
2.58576
2.4913
2.50678
2.48476
2.51765
2.39071
2.52381
2.48747
2.51542
2.48619
2.58857
2.48554
2.51195
2.3965
2.52375
2.48589
2.51103
2.48568
2.51325
2.51354
2.57562
2.47794
2.60115
2.49848
2.56687
2.50863
2.56985
2.51424
2.54796
2.54854
2.54847
2.52715
2.54613
2.53489
2.50973
2.56683
2.50744
2.56614
2.49714
2.53286
2.48087
2.48715
2.48261
2.51581
2.47559
2.52379
2.49281
2.53392
2.48547
2.49059
2.47271
2.5185
2.47682
2.51773
2.48524
2.54778
2.49441
2.47365
2.48654
2.51275
2.47628
2.51824
2.4958
2.53571
2.48401
2.47722
2.46762
2.45912
2.49171
2.58384
2.49653
2.53001
2.48493
2.4858
2.46818
2.45386
2.48938
2.58523
2.47962
2.55691
2.48151
2.47526
2.46575
2.45975
2.48696
2.58974
2.46911
2.57268
2.48847
2.4674
2.48256
2.52039
2.48615
2.50839
2.48022
2.5501
2.49193
2.47448
2.47772
2.44557
2.48373
2.59136
2.48584
2.54657
2.49636
2.4686
2.44998
2.47333
2.48965
2.58984
2.47885
2.54144
2.51087
2.45456
2.47401
2.45467
2.49372
2.58614
2.48794
2.53839
2.49065
2.47885
2.47384
2.52686
2.48212
2.51548
2.48926
2.49919
2.52182
2.49411
2.47334
2.50892
2.48714
2.51595
2.47593
2.56167
2.4921
2.47183
2.48156
2.51296
2.47767
2.52279
2.47377
2.57181
2.46885
2.48147
2.45748
2.46045
2.49002
2.59
2.47375
2.57605
2.49831
2.44875
-996.523
2.52928
2.47519
2.51654
2.49458
2.5515
2.50014
2.45121
2.48347
2.52021
2.48144
2.5138
2.50704
2.60101
2.48456
2.48121
2.48659
2.51498
2.48771
2.50755
2.4909
2.53466
2.48266
2.48796
2.49184
2.51197
2.48194
2.51364
2.4917
2.52649
2.48921
2.49155
2.68617
2.40174
2.52287
2.54683
2.52616
2.49162
2.74522
2.47453
2.54906
2.48503
2.48057
2.47878
2.53022
2.49216
2.50276
2.47761
2.54931
2.48509
2.49209
2.60219
2.46882
2.48525
2.51171
2.48255
2.536
2.49687
2.48124
2.47768
2.53031
2.49132
2.497
2.48383
2.53854
2.49084
2.49169
2.49082
2.51103
2.49362
2.5011
2.55947
2.52983
2.62329
2.58399
2.57343
2.61856
2.62476
2.5961
2.51268
2.6439
2.57851
2.56801
2.61509
2.56498
2.59238
2.57085
2.58573
2.58101
2.51337
2.59128
2.70839
2.70129
2.58634
2.72299
2.67955
2.59668
2.55477
2.68266
2.57475
2.59037
2.5956
2.50618
2.65073
2.68927
2.54285
2.60225
2.57366
2.65876
2.58761
2.64981
2.56245
2.54711
2.6129
2.53394
2.65765
2.57024
2.5553
2.6384
2.55196
2.60773
2.52836
2.50711
2.521
2.54928
2.60957
2.52666
2.60424
2.5926
2.63103
2.56628
2.54794
2.60454
2.51345
2.57212
2.52815
2.54713
2.52835
2.55096
2.60145
2.60569
2.67506
2.59432
2.64714
2.59736
2.58018
2.57703
2.6279
2.60208
2.61309
2.52258
2.63181
2.59243
2.65276
2.6803
2.51892
2.65844
2.56846
2.63709
2.68537
2.58183
2.6703
2.59051
2.59155
2.64175
2.58779
2.66004
2.67469
2.56371
2.61044
2.56519
2.67824
2.55302
2.48561
2.70707
2.56924
2.61148
2.76057
2.51862
2.63895
2.77101
2.51888
2.62149
2.68584
2.52936
2.63202
2.64151
2.52838
2.66996
2.63446
2.54713
2.63084
2.50212
2.5689
2.66884
2.66748
2.52652
2.64677
2.61821
2.39681
2.60093
2.51193
2.57193
2.51858
2.55571
2.52407
2.56797
